pdb_mut	DDGexp	PremPS	ThermoMPNN	ThermoNet	ACDC-NN	DDGun3D	MAESTRO	MultiMutate	SimBa-SYM	FoldX	RaSP
1SAK_A_F338A	2.03	0.66	0.5463	4.572	2.1404076	2.1	1.07524647487	-2.0934	0.9	0.567048	0.8238141898148867
5PTI_A_N24A	2.2	2.12	1.2373	0.1041	0.6778762	0.7	0.382988748	0.115158	-0.5	0.766338	0.892086238
1RG8_A_C16S	2.81	2.01	0.3742	0.1334	1.281904	1.4	3.01222517238	2.90558	1.9	1.0886	1.758955752651941
3OJM_A_K127D	-1.027724665	0.62	-0.1659	0.239	0.07103062	-0.4	0.676603256	-6.13512	0.8	-0.734569	0.464097051
1LZ1_A_V110N	-0.07	-0.06	0.2837	0.2856	0.26195014	0.8	0.64712527087	-0.073332	0.2	-0.526365	0.4073131118005857
1UZC_A_T13S	-0.1	0.11	0.3705	0.216	0.22108443	0.2	1.6652334772	0.078251	0.1	-0.67252	0.263849186867523
1PGB_A_V54K	4.0	3.06	2.8906	0.7198	2.9687161	4.0	3.484473365	6.6041	1.8	5.26104	5.900978936
2LZM_A_S38D	0.01	-0.07	0.3218	0.0256999999999999	0.11285944	0.2	0.886031034647	0.097523	0.2	-3.51803	-0.2053787125882339
1NMV_A_L7A	1.72	2.02	0.6874	1.4346	0.8760544	0.2	1.334944202	0.36999	1.8	1.77967	2.933605464
1BAL_A_A15G	0.32	0.62	0.4373	-0.0163	0.7411386	0.6	0.984018925	1.53554	0.2	0.644003	0.983034382
2RN2_A_I53D	3.1	3.02	2.3022	0.7807000000000001	2.847742	4.2	3.86773733582	7.37799	4.2	4.99083	4.688712770784103
6ULQ_B_Y153H	6.49	1.52	0.6299	0.8855	0.4080633	0.9	1.32785451	1.1166	1.2	1.63372	1.216159085
2RN2_A_D134S	-0.79	-0.87	-0.101	0.0462	0.18533215	0.4	0.944168912789	-0.482337	-0.4	-1.55913	0.4094635509908151
6UJH_A_W330F	4.5	1.09	0.9483	-0.0121	0.28902334	0.6	-0.345948558	-1.315	0.5	-0.119519	1.602177941
1BAL_A_H47G	1.87	0.64	0.8171	0.1403	1.0399684	1.0	-0.084728493	-0.698965	0.6	0.355954	2.31165943
1PGB_A_E42S	-0.01	0.37	-0.1338	0.1395	0.3121996	-0.0	-0.750562118	-0.957774	0.6	-0.0183114	0.267026461
1PGB_A_G38N	-0.3	1.08	0.7252	-0.0323	0.49993676	0.3	0.098906773	-0.382045	-0.5	1.18937	0.23507401
2TRX_A_D10E	0.167304015	-0.05	0.0292	-0.0336	-0.10638751	-0.0	-0.211579643	-0.154392	0.3	-0.0413838	-0.048741963
2PTL_A_D52G	2.013333333	0.86	0.0787	0.1217	0.69084895	0.5	0.845258016	-0.166836	0.4	-0.259697	0.841872928
3HHR_A_E74L	1.01	0.76	1.1111	-0.6941999999999999	0.7957307	-0.9	0.836037239354	-3.47936	-1.6	-0.14634	-0.5740820810118991
5DFR_A_G121S	0.08	0.39	0.1806	-0.0554	0.39021176	0.2	1.18038277993	0.55051	-0.2	0.641108	0.8562183166420467
1YYJ_A_D73A	1.57	1.1	0.3373	0.0529	0.23742233	0.0	1.10548834065	-2.1162	-0.5	-0.883556	0.0238190012916739
5DFR_A_G67V	0.7	0.55	0.5488	0.3742	-0.70070595	-0.8	0.99714598949	-0.442434	-1.5	5.27964	2.2629168941782183
1LNI_A_S90A	-0.2	0.17	0.2701	0.0744	0.1295785	-0.4	0.336065948	-0.585198	-0.3	0.27949	-0.491507703
1B2M_A_T91V	3.65	1.93	1.7896	-0.16	-0.1300774	-0.3	0.80939428	-0.516075	-1.5	2.75935	-0.184752451
1EY0_A_R105F	2.84	2.0	0.8816	-0.5753	0.21033484	-0.2	1.91702579175	0.500363	-1.2	0.414457	-0.2459184325055013
1FKJ_A_W59F	-2.72	-0.9	0.4056	0.1266	-0.27397138	-0.2	1.22078741217	-2.94316	0.5	2.82137	1.7225465159877753
1LVE_A_V27BL	-1.67	-0.3	1.1609	0.2448	-0.039587624	-0.1	1.0933751298	-1.71309	-0.9	1.08588	1.3056742129412948
1YPI_A_C126A	4.9	2.54	0.999	0.0645	2.825201	3.7	1.334563466	1.76497	1.4	0.506887	1.349019139
1B2M_A_A21Q	0.4	0.21	-0.0546	-0.1334	-0.1025029	-0.1	-0.264162067	0.657028	-0.3	-0.0840837	0.386287325
2TRX_A_I41V	0.645315488	0.28	0.6478	0.6338	0.15916553	0.1	1.288889169	1.74964	0.6	0.692961	1.14574942
1JOK_A_Y91K	6.8	3.01	1.2732	1.4461	2.553647	3.3	3.686631368	5.7498	2.6	2.38309	6.057468501
1K85_A_V589A	1.77	1.98	0.6471	0.9727	0.8411318	1.4	1.420884642	0.490963	1.2	0.768254	2.158365316
1ANK_A_G85V	2.4	1.92	1.0583	0.8511	1.1987883	-0.3	0.205857074704	-0.982003	-2.3	5.6374	2.050971075351339
1FKJ_A_E60A	1.71	1.43	0.821	0.0409999999999999	0.17156187	-0.2	1.12084623714	-4.103	-0.7	-0.102198	0.4160758949580767
6ULQ_B_D161N	2.21	0.1	-0.2951	-0.065	-0.04959173	-0.1	-0.413171615	0.069468	0.2	0.512753	0.216390257
1EY0_A_H46Y	0.0	0.27	0.5146	-0.7546999999999999	-0.18078116	-0.4	0.720083167698	-0.333636	-1.3	0.470253	0.0166460328362538
1HZ6_A_G15A	1.6	0.78	1.547	-0.1158	0.5085596	0.1	0.639147787	0.092178	-0.1	3.0993	0.838512245
1E65_A_V60G	3.11	2.26	1.9444	1.2268	1.0928465	1.1	3.50889474919	1.37414	2.1	2.73127	3.3333875162155224
1BNI_A_R110A	0.1	0.56	1.025	0.0433	0.3864145	0.2	1.55367035897	-0.283009	0.4	1.17822	0.9502969553611924
1EY0_A_K78Q	0.15	0.32	-0.1888	0.0201999999999999	0.14821053	-0.1	1.32277534256	-0.246337	0.1	0.436772	0.3263379821045942
1FEP_A_E250C	-9.79	0.98	-0.1145	-2.7805	-0.36223483	-0.5	-0.387140733	2.66098	-1.5	0.153627	0.749978515
1TTQ_A_Y175Q	1.65	1.96	1.7342	NONE	2.2776194	4.3	1.87478712339	10.4259	2.2	3.5413	3.0835311629398667
1HMK_A_T33I	0.64	0.43	-0.0605	-0.2843	0.101233765	-0.2	0.251564736444	-1.25423	-1.4	-0.554877	-0.2759905016331632
2MWG_A_V90I	0.7	-0.01	0.1851	-0.2321	-0.22759604	-0.2	-0.412384875	-0.453892	-0.6	-0.353083	0.355658048
2JIE_A_S334A	1.453940887	0.06	0.2238	0.0063	-0.22033808	-0.6	-0.315022642	0.319975	-0.4	-2.20525	-0.652660898
1EY0_A_Y27A	3.63	3.25	2.5382	1.4062	0.88352704	1.3	3.92646036691	1.19727	2.3	3.14071	3.8681649310343458
2SRC_A_S134A	-0.24	0.68	-0.3523	-0.0221	-0.14662567	-0.1	0.134151724	-1.03839	-0.3	-1.27632	-0.488270058
1IO2_A_I56A	3.971291866	3.03	1.3911	2.9776	3.1505904	3.7	2.94425967	3.80806	2.5	3.40379	3.815883307
1PGB_A_E19F	-0.84	0.26	-0.3993	-0.1763	0.95006776	-0.3	-0.623831499	-1.27359	0.8	-0.101094	0.043330498
2LZM_A_A134S	0.1	0.88	0.0554	-0.1322	0.15117118	0.2	2.004454361	0.888738	0.2	0.0757359	1.240039342
1AYE_A_I77AA	1.605	0.78	1.4568	1.023	1.985189	1.6	0.8505335	2.45289	0.8	0.642659	1.195131415
6IJR_C_E460K	-0.17	1.21	0.1729	-0.2035	-0.15614538	0.1	1.332938656	1.40546	-0.8	-2.88269	1.171589919
1FXA_A_F65I	0.9	0.07	1.5236	0.9755	-0.36530083	0.1	0.37533685	0.079859	0.2	1.51751	1.982020486
1N2A_A_S11A	1.8	0.44	0.1076	0.0512	-0.17181346	-0.4	0.430345228	-1.04	-0.5	-0.597298	-0.862637635
1UZC_A_Q60G	0.8	0.89	0.4732	0.5531	1.1892803	0.8	3.08105942386	0.053927	0.5	1.19807	0.7555234438757436
1CUN_A_V171A	1.55	1.75	1.7295	1.551	1.5014244	2.2	1.88559473657	2.39363	1.5	1.49549	2.135531455268235
1PGB_A_L7N	4.0	2.44	1.9738	0.5101	1.480746	3.7	3.647362972	5.8221	3.5	2.38769	2.822072422
1PGB_A_T55L	0.3	-0.12	0.7316	-0.3818	0.3211828	0.6	0.2601152	1.11889	-0.8	-1.14121	-0.471078321
1MIT_A_R52Q	2.0	1.05	0.0731	-0.0898	0.6773746	0.6	0.963041739	-1.07188	0.4	-0.904803	0.573264515
1HUU_A_A56S	0.13	0.19	0.0308	-0.1441999999999999	0.14531656	-0.0	0.691691868359	0.473569	-0.1	0.2766	-0.0376708230392403
1QBF_A_P14A	0.366422968	0.3	0.1039	0.2224	0.39941317	0.5	-0.03846064	-1.57069	0.1	0.345664	-0.058330065
3LB2_A_H55V	-5.1	0.28	0.0302	-0.249	0.3513493	0.7	-0.117592511	-3.18557	-0.1	0.487079	0.077593649
1PAR_B_I51A	1.9	0.93	0.4282	0.5349	0.5024848	0.4	0.626810676	-0.095073	1.5	-0.381278	1.102298004
1HZ6_A_S16A	0.25	0.58	0.1903	-0.0124	0.17733963	0.1	-0.011805479	-0.41318	-0.1	0.269099	-0.13700574
1PGB_A_G9S	-0.03	1.36	-0.2409	-0.2448	0.21574149	0.9	1.031845134	0.95569	-0.4	-0.461263	2.12779155
2PTL_A_T39A	1.146666667	0.75	0.0295	0.0046	0.46882814	0.5	0.646021991	-1.13957	0.2	-0.976667	0.28158173
1PGB_A_E15L	-0.16	0.13	0.1556	-0.168	0.13671863	0.1	-1.087141175	0.802253	-0.0	-0.435464	-0.180416173
2LZM_A_L118M	0.7	1.11	1.0801	0.7305	0.33180612	0.9	1.825305374	4.91352	0.4	-0.648059	1.344710971
1PGB_A_V21D	-0.46	1.25	0.0145	0.0549	1.1726086	0.7	-0.126177114	0.800018	-1.4	-0.0192002	-0.23687679
1PAR_B_R50A	1.9	0.31	0.6738	0.4588	0.23321138	0.1	-0.120000867	-0.490369	0.5	0.174669	0.681270546
1ROP_A_D30M	-0.6	-0.19	-0.3673	-0.072	0.22074537	0.0	0.32345309827	-0.196183	1.8	0.0590364	0.0861489126336401
1J8I_A_R35A	0.1	0.44	0.3544	0.2363	0.55921733	0.1	0.468247893	-1.06673	0.5	-0.142258	0.676203665
5T4L_A_K63E	4.85	0.49	0.3956	0.0601	0.15545437	-0.0	1.515374669	0.528964	-0.2	0.2726	-0.0567114
1GUA_B_V128A	3.368387508	1.84	2.0538	1.775	2.7709165	3.6	3.567846813	5.16012	1.8	3.69329	3.181133073
1PGB_A_L7T	1.14	2.43	1.3668	1.0081	1.2414024	2.4	2.511250873	4.60069	2.2	2.88032	2.613174072
6UJH_A_S188A	8.7	1.73	2.0427	0.02	-0.31215477	-1.0	-1.444752327	-4.25579	-0.5	1.54411	-0.443426389
3MBP_A_L89A	2.6	2.12	1.665	1.7741	1.39904	2.0	1.73957814	1.75918	2.6	4.17671	4.151263103
1YPI_A_C126S	8.0	2.35	1.3203	0.0013	3.6102786	4.8	1.687451933	3.21074	1.9	0.994643	2.23120475
1PGB_A_V54I	-0.26	0.34	0.1141	-0.4809	0.3395996	0.9	1.029290846	0.768655	-0.7	0.171573	0.592991251
2CI2_I_I48A	3.68	2.74	1.3339	2.0393000000000003	1.4486625	1.6	3.4680185358	2.32203	1.7	3.09222	3.8215018032463415
1BNI_A_R69M	2.04	1.88	-0.8718	-0.0955999999999999	0.29993564	0.2	0.696885264342	-0.037722	-1.3	-2.75766	0.2230384139270802
1H7M_A_E64A	0.26	0.24	0.0574	0.0774999999999999	-0.14478499	-0.1	1.75358518002	-0.927257	0.7	-0.434147	0.6229632000048998
1HZ6_A_A20G	2.1	1.52	1.9441	0.6231	0.86844003	1.1	0.926370389	1.78958	0.6	1.18907	1.658226348
1NFI_E_V203L	-0.8	0.09	0.6791	-0.0115	-0.52114385	-0.5	0.249224204	-1.26035	-0.6	1.75922	0.830710109
2RN2_A_E48D	0.05	0.34	0.2701	0.184	0.21814406	0.4	2.25297153153	-1.08506	0.6	1.43366	1.5925062779069814
1VQB_A_I47L	0.28	0.0	0.1145	0.8609000000000002	0.29447287	0.3	1.15881011842	-0.301821	-0.1	-0.462818	1.0283887620710088
1YU5_X_L61A	2.1	1.92	1.9242	1.554	2.4816275	2.4	1.953865743	1.42694	1.5	1.79633	2.630716403
1LZ1_A_I59V	1.1	0.97	0.8032	0.4627999999999999	1.0752127	1.4	1.33192095606	1.83171	0.7	1.21483	1.4550532436091073
1WQ5_A_L50A	2.99	3.24	1.8987	3.3899	1.8202125	3.5	2.11192229788	5.8265	2.6	5.07185	3.75545327497985
2RN2_A_R27A	2.2	0.77	1.0433	0.577	0.5211731	0.4	1.543223833	2.60974	0.4	0.384186	1.222662297
6VCU_C_T21K	1.27	0.6	0.8526	-0.0408	0.2765385	0.7	1.505603404	5.55431	0.1	-0.483383	0.153480505
1PGB_A_T11V	-0.54	0.28	0.1483	-0.0565	0.38857615	0.1	-0.669804216	-0.346437	0.7	-0.291057	-0.265237077
3MBP_A_P48A	-0.5	0.73	0.9165	0.4567	-0.23962544	-0.6	-0.09431901	-2.25339	0.3	2.69685	0.112457431
1MIT_A_R50A	3.0	0.8	-0.2067	0.2294	1.2614634	1.2	0.486326679	-4.46955	0.4	-0.429474	1.059960062
1AZP_A_A44G	1.3	0.68	0.366	-0.2694	2.0242896	1.7	0.427183206	-0.658579	0.5	0.604392	1.323733084
5NV6_A_L569R	3.11	2.57	3.0253	1.7013	0.9353006	1.7	0.242723018	15.5875	2.1	3.56812	3.428685014
1DIV_A_E100G	1.95	-0.11	0.6883	0.0867	0.69433683	0.5	0.755541239	1.32055	0.5	1.19239	0.769109306
1EY0_A_V114L	1.07	0.98	0.6296	-0.1234999999999999	0.08883192	-0.1	1.05696508419	0.145599	-0.5	1.39715	0.5771806366242438
1VQB_A_V43T	0.8	0.52	0.6438	0.2204	0.9910841	0.9	1.53223050651	1.6721	0.7	0.118046	0.098723717420685
