pdb_mut	DDGexp	PremPS	ThermoMPNN	ThermoNet	ACDC-NN	DDGun3D	MAESTRO	MultiMutate	SimBa-SYM	FoldX	RaSP	RF-Ensemble-BalAvg
1IFC_A_L89C	1.25	1.3	0.8561	1.425	1.9812033	2.9	1.91390257821	5.01146	1.2	3.30034	3.5698671360172405	0.8252490903577645
1WQ5_A_L127A	1.28	1.98	1.9308	0.0162	1.6892428	3.1	2.00978203311	3.64404	2.6	3.17737	2.827782091118713	1.872916931190763
2LZM_A_V131E	-0.2	-0.06	-0.1633	0.3383	0.19020195	0.5	0.611622448592	-0.044379	-0.3	-0.61046	0.0540709596519312	-0.22888570791329368
2SRC_A_T98A	0.01	0.44	0.4338	0.2827	0.20931911	-0.0	0.528251404	-0.808619	0.1	-0.0753538	0.359473231	0.17868358132872256
2NWD_X_Y20G	2.5	2.13	2.818	1.4563	1.786585	2.5	2.983293639	1.81427	2.3	2.87358	5.382642835	2.6827211448748947
1TEN_A_L851A	2.88	2.73	1.8636	2.6672	1.4860198	2.2	2.541322818	1.6158	2.4	3.07941	3.428068370343517	1.8557656401829028
2Y5B_F_T98A	1.74	0.76	1.4722	0.2893	0.64896554	0.6	1.64820923	0.705158	0.2	-0.419935	0.750001356	1.226585961887712
1U4Q_A_Q1666A	0.26	0.79	0.1487	0.1795	0.15967122	0.2	0.383064056	-0.693678	0.3	-0.167554	-0.101273166	-0.043508733343185425
1E65_A_L125A	0.72	1.49	1.7845	2.0962	2.5560517	3.3	2.7200806986	6.49908	2.6	4.70467	3.108833212292318	1.7113994544407973
1PGB_A_Y3T	4.0	2.83	3.7398	0.9683	2.6331506	3.7	2.7019464	4.14891	2.2	2.61199	4.025549261	3.311107588985718
1PGB_A_Y33P	4.0	1.42	3.4828	1.15	2.6711712	3.4	1.764272171	3.07029	1.1	3.74611	5.764342133	2.9853585559148543
1FTG_A_L6A	3.11	2.64	1.4676	3.3717	1.7949436	2.7	2.83719566182	3.34767	2.6	4.42759	4.105495664489651	1.4736766244827009
1PGB_A_I6R	0.66	1.69	1.3538	0.4996	1.4870512	2.2	1.07102147	1.04574	0.7	1.05553	0.540925212	1.2380102753646431
1SUP_A_Y217K	-0.72	-0.1	1.8971	-0.0553	1.3687345	1.7	1.85017918091	5.24436	1.2	1.73462	1.171393579209576	1.606356506223848
1PGB_A_D36P	2.7	0.33	1.9539	-0.1893	0.3457098	0.3	0.351064373	0.15896	1.0	1.74831	5.360460362	1.85377441963219
1ERQ_A_G238S	1.2	0.91	2.506	0.1229	-0.004217882	-0.6	-0.514530073	0.772158	-0.3	4.74971	1.868880681	2.1945979402371423
3SSI_A_V13L	1.17	0.54	0.4419	0.8573000000000001	0.2810588	0.2	0.883653464671	1.58077	-0.3	-0.651161	0.0154706876928362	0.19385967759490616
2LZM_A_Q105M	1.2	0.48	-0.0898	-0.1852	-0.18635182	-0.4	-0.092445968	0.027105	-1.0	-0.378735	0.207636311	-0.15978524115055737
1JOK_A_T62K	4.2	1.92	1.3498	-1.1728	0.83671653	1.2	1.736249999	8.25051	0.3	2.04876	4.217892888	1.2383978945978644
1PWU_A_V70A	0.8	1.16	0.8944	1.6559	0.20971653	0.2	0.312856463	4.17206	1.7	-0.332184	1.598682416	0.5662538247562747
1EY0_A_A130V	1.08	1.22	0.3351	-0.5662	-0.22472207	-0.4	2.51314605895	0.694549	-0.5	0.440256	-0.4100338855406171	0.25384506653383465
2CI2_I_A77G	1.42	1.28	1.1068	1.0838	0.9697161	1.1	1.61197016687	0.773595	0.3	0.948448	1.2129958221746495	0.9705263724712703
6TG7_A_I72V	7.0	0.51	0.8671	0.7268	0.47554874	0.6	1.620948819	1.51438	0.7	1.17274	1.608969093	0.6954374050551907
1VQB_A_V70C	1.6	0.66	0.178	-0.0910999999999999	0.7391788	0.8	1.02556786678	0.84438	0.2	0.0225598	1.4886219115158046	0.05020840677363129
1PGB_A_D36S	-0.46	0.14	-0.0956	-0.0091	0.17896761	0.3	-0.255098895	-0.455488	0.8	-0.298662	0.01404222	-0.16069753480240992
1DIV_A_E54Q	-0.33	0.39	0.1584	-0.0195	-0.15321621	-0.2	0.710998698	-0.193209	-0.4	-0.293829	0.261618145	-0.011505025621765358
1UBQ_A_H68E	-0.77	-0.56	0.6431	-0.4143	0.1800007	0.6	2.23389547526	1.38691	0.3	-0.861136	0.6289779642600493	0.23979377603681312
3CMM_B_V17N	4.90430622	2.49	2.0545	2.0029	2.3798332	3.1	3.097278417	4.77376	2.7	1.92501	1.287297464	1.9215711169766176
1EY0_A_Y27C	2.72	2.71	1.8005	1.5555	0.32493377	1.1	2.46854324785	1.17707	1.0	4.00868	4.066958786992754	1.7770049355617412
1TYV_A_R285K	3.43	0.91	0.917	3.2651000000000003	0.3798172	0.7	-0.140958611866	4.10236	0.2	0.50544	1.099603466006004	0.6645455505868338
1JOK_A_D143N	-0.3	-0.29	0.176	-0.0407	0.059718065	-0.0	-0.400443798	3.34192	0.4	1.9538	-0.074192651	2.772655376038005e-05
1NMV_A_S32A	0.26	0.57	0.3372	-0.0068	0.20233041	-0.1	0.116223672	0.278958	-0.0	-0.612785	0.175881227	0.10593953932397344
1N88_A_V43A	2.82	2.74	1.7592	1.9266	3.053115	3.5	2.525372891	4.09787	1.8	-0.888929	1.521873372	1.4417355112235477
6ETK_A_S75T	2.8	0.83	0.1173	-0.1	0.15219045	-0.0	1.209239681	-0.573981	-0.7	2.62727	1.575491599	0.11188066935307632
1G90_A_Y55A	2.5	0.99	1.2581	1.3313	1.4488928	1.4	0.986507662	-0.075387	0.7	1.18358	1.956972051	1.2005020863968912
1ON4_A_W36A	8.93	2.34	1.9608	2.9406	1.8327179	1.5	4.216110652	-1.06436	3.3	5.69259	5.239279875	2.0762215618026056
1ROP_A_D30A	-0.3	-0.06	-0.1839	0.0204999999999999	0.56437606	0.2	0.248769007133	-0.565998	1.2	-0.274242	0.3263113479380952	-0.21225332626854287
1LZ1_A_H78A	0.14	0.08	0.2113	0.0431999999999999	0.15923552	0.2	2.82635660141	0.58956	0.5	0.287668	0.5662667771983088	0.11669822497169687
1BNI_A_I55G	3.1	1.61	1.3956	0.603	1.8520252	1.5	0.710845007	0.071003	0.8	0.77965	2.309024276	1.3046852691111774
3MBP_A_W232E	7.5	2.78	3.2358	-0.0072	2.1006398	2.7	0.541143414	11.4007	4.3	5.46197	4.404540923	2.942858279562345
1EY0_A_A102F	1.71	1.32	0.0006	-1.3015	-0.37883022	-1.1	1.43390025402	-1.16978	-2.1	-1.27962	-0.8166279509288854	-0.259929576100739
1SAK_A_L350A	0.5	0.17	0.0072	1.2155	2.439415	1.0	0.911058086327	-1.30006	-0.1	0.571964	0.7494393648095304	-0.08391861161535763
1PGB_A_T2D	0.55	0.79	0.6521	0.1159	0.8942176	0.7	0.356070839	1.19108	0.2	0.218109	0.426087212	0.6028946873686403
1PGB_A_T49M	0.45	0.46	0.8677	-0.0841	0.5554142	0.4	-0.137025282	1.4307	-0.1	-0.894838	-0.088159514	0.6407957078708924
1EY1_A_D118A	0.65	0.32	0.0528	0.0912	0.15999964	-0.0	0.163445693	-1.85728	1.1	1.19513	0.229091505	-0.052220748341007185
1HK0_X_M69Q	-1.2	0.99	0.1308	0.1269	0.3302046	0.4	0.153066019	4.42398	-0.2	0.41445	0.992938787	-0.00943079511043148
1H7M_A_D12A	-0.24	-0.04	-0.2093	-0.0101	-0.07926279	-0.1	1.57170378324	-0.402972	1.0	-0.496746	-0.0157785431465962	-0.2197224680627393
1QLP_A_T68A	-1.0	-0.84	0.2295	0.2767	-0.36641097	-0.3	0.0267789177622	-1.09419	0.2	1.59443	0.4893051066680703	-0.08635537909827015
1ARR_A_R23G	1.04	0.6	0.7515	0.8282999999999999	1.4671235	1.1	2.27233588864	0.668689	0.7	1.26663	1.7232907011369576	0.6022995336179225
1BNI_A_H18A	1.99	1.53	0.4755	-0.0776	0.14078438	0.1	3.06770222503	-0.299224	0.4	0.656975	0.9995694143726376	0.28749653218942495
1TEN_A_E887G	0.14	-0.03	0.7945	0.2036	0.3909781	-0.0	2.53310875795	-3.45957	0.2	0.681363	1.0691148160161472	0.5944682457874557
1YYJ_A_K27G	1.0	0.89	0.9704	0.1478	0.9523686	0.7	1.91763380051	-2.44566	0.7	0.886158	1.855386376638083	0.8348368630217051
1MM4_A_Y88G	6.14	0.68	1.7858	1.3262	3.5354252	2.5	1.387955045	2.10104	0.8	1.8714	2.793270528	1.6713164677462415
2TRX_A_E101G	0.9	0.0	0.345	0.236	0.5488467	0.2	0.649088362	-0.628021	0.6	0.683178	0.867181107	0.08093909207533362
1PGB_A_V21N	-0.5	1.1	0.1883	0.0203	0.98367083	0.6	-0.345729431	0.374766	-1.1	-0.314407	-0.024153824	0.011872872138736442
2ABD_A_K54M	-0.1	0.18	-0.101	-0.157	-0.17041208	-0.5	-0.415965127625	-3.44296	-1.4	-1.01167	-0.0082958101326963	-0.24297273500304514
1EY0_A_L89I	1.04	1.06	0.5935	0.5151	0.17268834	0.3	0.845099476578	-0.705372	0.1	0.123781	1.2904510215963134	0.3833107202559039
1TEN_A_I833V	0.8	0.82	0.5255	0.5479	0.23676112	0.3	1.41030257841	0.983689	0.7	1.08823	1.0448093344129057	0.3520877673423809
1PGB_A_A20T	0.95	1.21	1.6727	-0.3208	0.9588369	1.0	0.639297191	-0.240827	-0.2	1.11171	0.994999857	1.3632931268569408
1W3D_A_A165G	0.9	0.3	0.5457	0.2816	0.7642118	0.9	1.219813068	0.999485	0.3	0.706007	1.497244679	0.36768489847987956
4KJJ_A_W133F	0.0	1.12	1.5691	-0.142	0.42271134	0.6	1.701302264	0.097173	0.5	-0.296028	2.23666649	1.3718097714620139
2LZM_A_I3M	0.76	0.83	0.7705	0.7071	0.31848383	0.5	1.52798498871	0.141462	0.2	0.886875	1.2766834674143372	0.6219836728907812
1AYE_A_K24AG	2.3	0.62	0.8878	0.1782	0.49121726	0.2	0.344718848	0.57302	0.6	1.16626	0.771463331	0.7257279698846347
4LYZ_A_N77H	0.38	0.16	0.2812	0.0127999999999999	-0.074250944	-0.1	1.95674186048	3.12501	0.3	0.425282	0.0341706348397768	0.1398178064206413
1G90_A_F170A	2.4	1.27	0.9112	0.5552	2.1124415	1.6	0.482937777	-2.17993	0.4	0.490909	0.731335346	0.6947451997330145
1DIV_A_K96A	-1.01	-0.21	-0.2592	0.4204	0.1369574	-0.1	0.290319166	-2.1425	0.4	-0.199069	0.193495106	-0.35023047719187905
3OJM_A_V46W	0.955384	1.45	2.1374	0.2712	1.0576607	1.3	1.956490553	0.505398	-1.5	15.8546	6.693208386	2.041604655241546
1TEN_A_T891S	1.9	1.35	1.0953	0.876	0.73699236	0.7	1.378682769	-0.480698	0.5	1.45781	2.227324018	0.9785885227097741
2KS4_A_D9A	1.26	-0.75	0.5812	0.0033	-0.058190767	-0.2	0.956775664	-0.476508	-0.1	-0.183894	0.667339303	0.19929470652413922
1MM4_A_F56A	1.046145	0.53	1.0472	0.5125	1.6317612	1.1	0.853330737	0.183852	0.2	0.350328	1.914018515	0.8243255609522256
1LZ1_A_E7Q	0.94	0.73	0.2678	-0.0771	0.15746395	-0.2	1.3205730416	0.556646	-0.4	0.892046	0.6501263500838469	0.10602916454964681
2CHE_A_A114G	0.8	0.85	0.3415	-0.2408	0.3253876	0.4	0.951024437	1.38764	-0.0	0.495907	0.72581861	0.21923981237717127
1FEP_A_S254C	-5.94	0.95	-0.2108	-0.6561	-0.00621156	0.1	-0.275277658	5.51721	-1.6	-0.00451196	0.469338406	-0.23898865444190548
1G83_A_F87A	1.3	2.08	1.7364	1.8597	0.37393317	0.7	2.447714884	1.43666	2.2	4.01022	2.715596182	1.5766001421993472
1SAK_A_R337A	2.41	0.55	-0.1186	3.4491	1.0972874	1.0	0.796293565222	-0.453437	0.5	-0.133617	0.4862073848412362	-0.2090068747966393
1BVC_A_H113Q	0.26	0.03	-0.0873	0.0033	0.09624748	0.1	1.15398268527	0.834574	0.1	-0.532596	0.6638447719318005	-0.15492684069431348
1EY0_A_D21K	-1.1	-0.46	-0.1062	-0.6450000000000001	0.24774073	0.6	1.62411703702	0.411668	-1.5	-0.393675	0.2229142741040424	-0.1294755011731849
1U4Q_A_V1682A	1.74	1.52	0.9796	1.8366	0.88573295	1.2	1.238011604	0.961481	1.7	1.77999	2.380702797	0.8430015839125439
1RG8_A_F108Y	-0.49	-0.6	0.057	-0.1720999999999999	-0.20588899	-0.1	1.70026664561	0.536563	0.4	2.40396	1.1545346773595524	-0.07266216038476858
1AJ3_A_H10A	-0.5	0.06	-0.0522	-0.0225	0.2583658	0.2	2.46378242117	-1.78763	0.5	-0.165422	-0.0116084333453947	-0.07548735172945212
1HMK_A_W118F	0.31	0.76	0.9156	0.3390999999999999	0.39853543	0.4	1.75365580523	-4.025	0.5	0.405069	2.252564328736498	0.7093641158304763
1TIT_A_L60A	4.88	4.08	0.864	0.1305	2.5202045	2.3	3.33334604471	6.13695	2.5	2.07574	2.8361907690621893	1.1585989967343753
2RN2_A_A52M	-0.5	0.03	0.1316	-0.8818999999999999	-0.9924133	-1.5	0.635984549011	-0.934782	-2.2	-0.127021	0.6469205901376426	-0.06574684380777304
1EY0_A_K78E	0.69	0.54	-0.3526	-0.0975	0.14793077	0.0	1.91080491016	0.647371	0.2	1.30762	0.3473709408141601	-0.16942643634813925
1PGB_A_K4Y	-0.82	-0.19	-0.0145	-0.7292	0.09689081	-0.7	-1.342319302	-1.98526	-1.3	0.237028	-0.519415273	-0.19212726360453353
1UZC_A_I44G	0.4	0.94	0.7251	0.0708999999999999	3.587891	2.6	3.30174697102	1.60492	1.4	1.02623	1.849551026122388	0.5678867785969517
2RN2_A_H62A	-0.44	-0.28	0.0266	-0.2645	0.14650114	0.2	2.60324412204	-0.127386	0.5	0.276093	0.7210276070035937	-0.00957156237747046
1PGB_A_N8E	0.01	0.7	0.4655	-0.0711	0.17971689	0.2	0.718900595	0.687063	-0.1	-0.185567	0.396420535	0.28741704097652465
3MBP_A_V347A	2.0	2.04	1.6801	1.362	1.2646791	1.7	0.50864158	1.35166	1.7	1.83595	1.970738105	1.5613751988226343
1PGB_A_G38K	-0.29	1.04	0.6818	-0.6701	0.705665	0.4	0.39616919	0.130143	-0.6	0.600408	0.473300522	0.5404520099964998
1EY0_A_V23S	4.76	4.14	2.3646	1.5387	2.6771774	3.4	4.57269595569	12.1283	2.2	3.43418	3.338788183682645	2.7766949257074875
2MWG_A_A33Y	-0.5	0.1	-0.004	-0.373	-0.23881356	-0.4	-0.247968009	-1.27409	-0.3	0.158677	-1.010540047	-0.1467913064134244
1PGB_A_E56N	-0.13	0.35	0.9121	0.0528	0.25637	0.2	-0.442405083	-2.11607	0.1	0.822652	0.845643963	0.728207486503674
1K85_A_F622L	2.5	2.6	1.7346	0.9473	0.43160546	1.3	1.725609243	0.310697	0.3	1.5166	1.884737031	1.592046345084087
5DFR_A_I155A	2.99	2.76	2.0844	1.7703	1.2834101	1.3	2.85940614322	2.10215	2.0	2.99088	2.663915840387131	2.002807208296674
1FNA_A_I59V	0.72	0.74	1.0235	0.7899999999999998	0.41070896	0.6	1.56050329639	1.38554	0.7	1.60815	1.642151693101146	0.7644941340343564
2ABD_A_L15A	3.28	2.99	0.246	-0.0748	1.4541253	2.1	2.19936456807	0.519475	2.6	1.86548	2.596415359160292	0.6043474689631428
2LZM_A_T59D	1.2	1.09	1.043	-0.1063	0.91202927	1.0	1.521358996	0.983315	0.3	-2.42477	0.351186801	0.8693038804345121
2CI2_I_N75A	1.02	0.77	0.6564	0.1052	0.23662968	-0.3	1.15992991713	-0.729881	-0.4	-0.0626461	0.4276911172151587	0.4924979371322591
2SRC_A_Q128A	0.35	0.18	0.0652	0.0582	0.12929079	0.1	0.850064306	-0.729252	0.3	0.0258905	-0.049964281	-0.06936563867796233
1LNI_A_T95A	0.6	0.06	0.3075	0.0471	0.17358589	-0.0	-0.074786759	0.822558	0.1	0.579533	0.248380226	0.11964777622349074
2RN2_A_S68A	0.2	0.4	0.6986	0.0391	-0.17244998	-0.5	0.606245799293	1.98517	-0.4	-0.122795	0.0799513752193914	0.4201658429221259
1BNI_A_E73F	2.1	2.02	-1.2982	-1.3785000000000005	0.6453372	-0.2	-1.68276122044	-1.40043	-3.4	0.473345	-0.3812676298611706	-0.21209428882945627
2LZM_A_A73S	0.4	-0.07	0.229	-0.0613	0.066593915	0.3	0.678256785	1.97431	0.1	0.0213146	0.500754193	0.09237943098383308
2LZM_A_Q105G	2.3	1.6	1.1464	-0.0812	0.78352344	0.9	3.57905973403	-1.72031	0.6	1.73799	1.5803130950698043	1.148535412919054
2PTL_A_A49G	1.25	1.04	0.6975	-0.5695	0.9359611	0.5	1.253963665	0.128033	0.2	0.465058	0.497248651	0.575369782001079
2LZM_A_L133D	5.7	2.67	2.7181	0.81	3.1357303	3.3	4.655510899	13.5505	4.2	4.94299	4.068719971	3.053975611917137
1EY0_A_I92V	0.46	0.21	0.5312	0.186	-0.10179326	-0.0	1.50913882815	1.38668	0.7	0.915043	0.9091209562151956	0.20840680463196132
1BNI_A_L33Q	1.34	1.2	1.2993	0.1083	0.49473023	0.4	1.5167906831	2.48996	0.3	0.490345	1.3808637729895108	1.1129411563999838
1A7V_A_D58H	2.05	0.37	0.6085	0.0635	-0.000840582	-0.3	0.171861204	-0.37038	0.2	0.23499	0.871308844	0.29490944198258595
1LZ1_A_V93T	0.67	0.8	1.7683	0.1101	1.0395968	1.9	2.47214581965	4.95736	1.5	0.890378	2.042167282062215	1.6012328782957888
1C9O_A_L66A	0.0238846	0.47	1.9796	0.8535	0.87161803	0.4	0.039633959	0.639482	0.3	1.38864	1.931065476	1.576127150348189
1PGB_A_A34D	4.0	1.99	3.3366	0.3056	1.3890878	2.1	2.620956986	7.40094	1.6	3.51197	2.68472696	2.96119597126041
1AZP_A_S18A	0.1	0.49	0.2996	-0.0891	0.44008017	0.1	0.01117785	-0.707543	0.2	-0.0262348	0.120011336	0.0780375030253536
2EB8_A_A15L	-0.1	0.22	-0.1407	-0.4696	0.19805521	-0.2	-0.605415296	0.251921	-0.5	-0.00358935	-0.558561911	-0.22668245767695933
1BNI_A_A32E	0.24	0.09	0.3529	-0.0994999999999999	-0.16711473	-0.0	0.64912453967	0.840737	-0.8	0.576308	0.0656930603619404	0.12846755633455986
5DFR_A_V40H	2.76	2.56	2.448	1.6377	2.0203645	3.3	2.96548637029	7.36106	1.7	14.7005	2.9125990669522737	2.4543934974347423
1G83_A_E107P	1.705	1.4	2.6616	0.0655	0.2565145	0.4	2.537273842	-1.84202	-1.2	3.14685	7.49168582	2.468924260426948
1Y98_A_D1692N	1.15	0.88	0.6622	-0.1693	-0.14181235	-0.1	0.851715589	-0.534909	-0.2	0.169825	0.992722602	0.46171397181031687
1AJ3_A_K96G	1.3	1.08	0.6188	0.3999	0.7123296	0.4	3.13469058286	-1.04789	0.6	1.3691	1.1748168702886714	0.4511205185318777
5A7C_A_H395R	2.03	0.99	0.9594	-0.0288	-0.19240773	-0.0	0.178023976	-0.006607	-0.1	-0.117288	0.024835613	0.7642990776704536
3WC8_A_P30V	5.0	0.73	0.9262	0.5129	0.71948546	0.8	0.08695093	-3.37979	-1.1	3.42386	-0.270522844	0.7682234194277633
1EY0_A_E57G	1.41	1.15	1.3473	0.2392	0.6441369	0.6	2.99396413213	-1.39038	0.4	1.33797	1.3188644471463542	1.1970893411774486
2PTL_A_K55A	-0.46	0.14	0.1713	0.417	-0.18856275	-0.4	0.220550152	-0.825687	0.4	0.312642	0.462465563	-0.06667905792961393
4UZW_A_V10G	-0.1	0.14	0.078	0.5503	1.169757	0.7	-0.226670513	0.675597	-0.3	0.219376	0.652017084	-0.06725611487698116
1AYE_A_E20AG	1.21	0.12	0.8751	1.0314	0.72354764	0.4	0.298839112	-0.309804	0.6	1.21417	1.08356332	0.6046621338208783
2JIE_A_I247N	-0.973881603	1.36	2.2558	0.7074	0.8374489	1.2	-0.013983921	-0.740448	3.3	0.606432	2.847767717	1.8675868913190334
5FFN_I_R82A	0.6	0.51	1.2243	0.1916	0.2832222	0.2	0.225792405	-1.58338	0.5	1.01981	1.888211265	1.0325388584730228
1DKT_A_V55A	0.73	0.81	1.4405	1.0114	1.1792839	0.8	2.70599487885	-0.54246	0.3	0.517062	0.8409351645877391	1.1642972951161337
1UNK_A_V42A	-0.52581262	0.49	0.9315	0.3282	0.49031186	0.8	0.422958887	0.303887	0.8	0.164339	1.191455952	0.7241272332705075
6W4E_A_S212P	0.2	0.12	0.6297	-0.2973	0.04764514	0.2	0.941235656	1.17263	-0.2	1.96971	3.635728542	0.35118239614082913
2RN2_A_H124A	-0.17	-0.03	0.4279	-0.0554999999999999	0.6182939	0.4	3.0755688293	-0.347743	0.5	0.0603784	0.5845269917374873	0.28810786274730055
1EY0_A_K136A	0.75	0.6	0.6038	0.4233	0.24864203	0.1	1.82033294769	-1.84457	0.6	1.45934	0.7117038778263282	0.4798779398659752
1VQB_A_H64C	-0.25	0.08	-0.4304	-0.1493	0.17562178	0.5	1.1753555476	0.611019	-0.1	0.672075	1.2360840932250632	-0.32801946361496204
1LNI_A_L19A	3.65	2.28	1.8864	2.1652	1.8539822	2.2	2.786051046	2.659	2.3	2.9409	3.395069677	1.7955686689433328
1U4Q_A_A1710G	1.27	1.17	0.4518	0.1123	0.38960725	0.5	-0.094531504	2.19632	0.2	0.726191	0.827733427	0.32214199343579614
1PGB_A_G9L	-0.32	0.41	0.3349	-1.4939	-0.6070136	0.3	-0.016806915	-2.61	-3.3	6.6886	3.00038147	-0.13288881766954713
5CG0_A_D260A	0.67	1.18	1.1169	0.0185	0.2198541	0.4	-0.086361553	-4.5861	-1.5	1.41262	1.309836435	1.0804395547305599
1HCP_A_C67S	1.99	2.42	0.5643	0.2182	3.4717438	4.2	2.827282293	7.67739	1.9	-1.66866	1.667161519	0.316148199842082
2FEJ_A_I195T	4.12	2.83	1.9244	1.2005	3.0033457	3.2	1.961104363	4.52079	2.3	3.10713	2.970241434	1.9039631945494606
1LNI_A_D79Y	-2.9	-2.13	-1.3338	-0.8536999999999999	-2.2921963	-2.9	-1.60155154209	-6.22146	-3.7	-3.52811	-0.604394561484809	-1.1687604137687124
1ARR_A_E28G	0.84	0.26	0.5329	0.3451999999999999	0.5789126	0.4	3.12730795167	0.04733	0.7	0.868937	0.9306068861112868	0.3776871185216617
1BNI_A_V10T	2.37	2.41	1.8044	0.0734	1.0962601	1.3	2.45244121965	5.07687	1.5	1.03643	2.404393254573437	1.7211590967468235
1FXA_A_E94D	1.1	0.35	0.6745	0.1171	0.09138465	0.1	0.452975502	0.800079	0.4	0.748518	0.850203315	0.4471756308443112
2FEJ_A_R282W	3.3	0.81	-0.2993	-1.7982	0.23866068	0.2	1.174484809	-1.7244	-2.3	-1.26976	-0.843317541	-0.539417021571226
5CIG_B_V20C	1.1	1.38	0.64	0.284	0.31187376	1.2	0.980688014	0.75988	0.3	1.14479	1.934055771	0.48248413149282354
1PWU_A_L62A	1.6	2.08	1.8664	1.9103	0.26351368	0.2	0.427417062	1.58768	2.5	3.17808	2.789262589	1.5909775385211111
1EY0_A_L14G	3.84	3.72	2.2293	1.4382	3.0465863	2.7	4.9167005665	4.55041	2.3	4.05737	4.724894178422044	2.537416953022972
5FFN_I_P81A	3.42	1.79	2.0607	2.363	0.19564804	1.0	0.768896746	-5.52104	0.4	2.51832	0.654934748	1.7155856452077352
1RTB_A_V54A	2.58	2.86	2.5848	2.0488	2.3692856	3.2	2.41340064142	4.24614	1.8	2.56014	2.456879499920249	2.4053968274456237
1RTB_A_A109G	0.43	1.02	1.4242	0.5639000000000001	1.7882104	2.1	1.31729651517	0.266247	0.8	1.3657	1.4420124278969582	1.2358108504476657
3CMM_B_E34F	-0.717703349	-0.03	-0.5516	-0.3973	-0.6320847	-0.2	0.415017628	-6.76347	-1.0	-0.360798	-0.263826372	-0.5165342982394515
2CI2_I_T22A	0.93	0.99	0.2731	0.4081	0.27962053	0.2	1.26436258081	-0.700923	0.2	-0.186688	0.4845153432846127	0.06648966343805839
1PWU_A_D245G	0.8	0.49	-0.1422	-0.4418	-0.08835106	-0.0	0.219090357	2.65825	-0.2	2.12772	0.956233427	-0.10460227683894759
4LYZ_A_D101S	-0.87	-0.48	0.251	-0.0166	0.10788761	0.1	2.07716584035	-1.50634	0.4	-0.474415	0.3652109429904132	0.05211142520500593
2FEJ_A_Q104H	-0.24	0.48	0.1802	-0.0319	-0.15821522	-0.2	0.166191986	-0.343341	-0.1	1.59841	-0.325013602	0.0450691056245545
1PGB_A_D40M	-0.46	0.04	0.2965	-0.3503	0.16388723	-0.0	-1.166935163	-0.204989	1.5	-0.36423	-0.324718807	0.07207479738263639
3OLM_D_I36V	0.79	0.81	0.7186	0.4197999999999999	0.34150404	0.3	1.66018720856	0.078154	0.5	0.030098	0.3726451015022497	0.5577550549949143
2TRX_A_D2E	-0.023900574	0.13	0.0164	-0.1387	-0.049945176	-0.0	-0.486203659	0.891447	0.2	-0.366901	0.322013988	-0.0794675989688295
1PGB_A_Y33T	1.64	1.27	2.5143	1.0968	1.853528	2.6	1.258538386	1.89457	1.2	2.34589	1.649183824	2.123512183172194
1EY0_A_K78F	-0.05	0.12	-0.1958	-0.2444	0.11483976	-0.4	-0.157785232699	0.015751	-0.1	0.379986	-0.3662830835101938	-0.2112633373504155
5DFR_A_G67A	0.05	0.19	0.6302	0.9475	-0.31769353	-0.4	0.842172059421	-0.058313	-0.5	2.69519	0.6495848658525216	0.35420376224930744
2EB8_A_A125L	-0.6	0.06	0.1756	-0.6184	0.20308292	-0.1	-0.535768903	1.18199	0.4	0.0896183	-0.50851213	-0.00692278871339046
2Y5B_F_I79A	3.18	2.46	2.3274	2.5234	2.2941897	2.9	2.989524157	4.48761	2.5	4.67203	3.825333942	2.1934800225594904
1B2M_A_I61V	2.1	0.86	0.9856	0.6408	0.72939557	0.7	1.548936464	0.402816	0.7	2.00071	0.877032521	0.8959585850515618
1HK0_X_R79A	2.3	1.89	2.0118	0.7691000000000001	0.72485816	0.8	2.23863927914	0.673267	0.4	1.34637	1.6200549935071875	1.9196829156555477
1AJ3_A_S21A	-0.5	-0.19	-0.2254	0.1423	-0.16938211	-0.4	-0.066674137213	-1.25419	-0.1	-0.69767	-0.2816795333250227	-0.3299002886714729
1CWQ_A_V49A	-0.7	2.44	1.7649	2.7684	1.5411798	2.3	1.914042662	1.77006	1.8	1.8107	2.694735174	1.7044633146611758
5T4L_A_R254M	3.6	0.56	-0.2225	0.0284	0.2943089	0.4	0.994411645	0.045216	-0.6	0.317631	0.391170926	-0.22391010803086625
2LZM_A_F104A	2.7	1.75	1.2135	2.4804	2.8399694	3.7	1.861584005	2.79526	2.2	3.25999	3.396707106	1.1768830295015065
4LYZ_A_I55L	0.45	0.4	0.6832	0.0859	-0.13656223	-0.1	1.57615291904	0.063119	-0.1	-3.00368	0.6650909082937453	0.3899032436359203
4KJJ_A_P66A	-1.3	0.23	0.2776	0.2159	0.18035197	0.1	0.620958013	0.737688	0.1	0.835147	-0.081809219	0.09093743653177658
2LSB_A_D178N	0.38	1.36	0.5047	-0.0064	0.18400604	0.2	0.771476452	0.051314	-0.3	1.55821	0.296171151	0.43183051923291815
1W3D_A_E141Q	0.4	0.32	0.242	-0.0522	0.14600325	-0.1	-0.187657642	1.19356	0.2	0.201972	0.087750788	0.0843851247459453
1PGB_A_G14K	-0.72	0.95	0.5555	-0.5481	0.7679117	0.8	0.59994258	0.065099	-0.7	2.79792	1.444403843	0.2310157242574614
2FEJ_A_S260P	0.32	-0.31	0.3347	-0.8235	-0.17678437	0.1	0.114572787	0.087876	-0.0	0.583893	2.547875704	0.05806669610733104
1PGB_A_T49A	0.861244019	0.76	1.5175	0.2435	1.065675	0.8	0.356744315	0.408742	0.1	-0.275135	0.076052227	1.237353372459162
1PGB_A_Y45I	2.24	1.35	3.0062	-0.0496	0.86564267	1.9	0.065675838	-0.754673	0.1	1.90462	1.908033535	2.4278522349950746
2PTL_A_I74V	1.586666667	1.04	0.4054	1.1182	1.073597	0.7	0.784264677	-0.068483	0.7	-1.97112	1.798890586	0.11709866614545339
1BVC_A_F123K	2.1	2.37	3.316	0.6849	1.9260031	3.3	3.09572267922	7.86884	2.9	5.42689	6.092646323838511	3.2399188119723568
1E65_A_H46G	2.5	2.14	1.8704	0.2677999999999999	2.7169266	3.8	1.62122730287	10.8175	0.9	2.78726	3.226736984575771	1.8080882274379477
1QK9_A_P76R	1.46	0.71	1.1083	0.2865	-0.4061383	-0.5	0.127307984	0.958312	-0.1	3.5779	-0.495377224	0.9068431090741701
2LZM_A_N116D	-0.47	0.11	-0.1885	0.0193	0.09521489	0.2	1.83124098665	1.06945	0.0	-0.802188	-0.3070127912298609	-0.2687361923506172
4TKB_A_T39E	2.4	1.23	0.8402	-0.0059	0.5517743	0.8	2.324158711	0.660538	0.8	0.600656	0.749818624	0.6954304309236974
2LZM_A_N144H	0.3	0.15	0.055	-0.1261	0.23969054	-0.0	0.206985777	0.998091	-0.0	0.147146	-0.598312725	-0.1139683643406528
1EY0_A_Y54G	1.72	2.19	1.7577	2.4289	2.1722317	3.0	3.9874837692	2.5736	2.4	-2.11152	4.166789560396198	1.6661457803682858
2JIE_A_N407C	-0.142981537	1.46	-0.197	0.0337	0.15891398	0.2	-0.322951564	-5.33826	-2.4	-1.71244	1.430525046	-0.373223775691212
1HZ6_A_G45A	1.9	1.22	0.8016	0.3186	0.54537153	0.3	0.35852738	-1.11058	-0.4	3.52166	1.940638947	0.6346437830785531
2LZM_A_R96H	2.91	2.21	1.7429	0.2915	0.3129845	-0.0	2.40138326892	-0.004427	0.2	8.06029	1.259620556785625	1.614479736373547
5DFR_A_W22L	0.31	0.55	0.3896	0.1072	1.2817447	2.2	1.56659840429	0.330882	0.6	0.567214	3.4313961207294854	0.3523348879325106
1LZ1_A_G105A	0.62	1.02	1.4318	0.3177	0.4488178	0.7	0.447299743514	-0.59506	-0.6	3.48946	1.1191769811635544	1.3180377776023664
1PGB_A_K13Y	-0.69	0.03	-0.1072	0.0003	-0.11885466	-0.4	0.214328333	-1.06484	0.2	0.204147	-0.342925025	-0.1743771462147038
2LCP_A_W103F	-0.65	1.67	0.6113	-0.1167	0.36636406	-0.1	0.349376902	0.726499	0.4	-0.501545	0.503376274	0.44319841256372017
2WC2_A_D138A	0.3	0.69	0.1571	0.0808	0.10711694	-0.1	1.10171437	-2.74448	-0.4	-0.439883	0.172012112	-0.03717624684335284
3HHR_B_E82S	1.11	0.67	0.255	0.0085	0.1526671	0.1	0.791054494	0.842992	0.1	-0.0831382	0.69988142	0.061534887722041964
1AZP_A_V15A	2.3	1.94	1.9188	1.2029	3.0163748	3.3	2.509793221	3.23056	1.6	2.32572	2.625804453	1.8422469083324935
1PGB_A_Q32V	0.13	0.06	0.5828	-0.2052	0.71658057	0.2	0.817464954	-0.859658	0.4	0.0483563	-0.288143439	0.3173374445209928
1PGB_A_T16F	-1.85	0.11	-0.6375	-0.0716	0.64725375	0.5	-0.447512619	-1.02764	-1.2	-0.322269	0.575241423	-0.4658802863145441
2A36_A_T22F	-1.3	-0.72	-0.7076	-0.9707	0.19540243	-0.2	1.00269254783	1.12532	-0.6	-1.61664	0.0774061999874975	-0.558923384522122
1B2M_A_A21F	0.57	0.18	0.0882	-0.8006	0.18878753	-0.3	0.514946457	-0.062122	-0.6	0.0354271	-0.038491943	-0.04814445078872784
1PGB_A_K10S	0.13	0.12	0.1118	0.3552	0.17614463	-0.1	-0.600578314	0.265875	0.5	0.177218	0.126500624	-0.048782501673311274
1K85_A_A626G	1.88	1.92	2.1581	0.6308	1.8612807	2.3	1.54283738	-1.18847	0.8	1.95938	1.830842257	1.928547378615643
2LZM_A_A129F	1.2	1.24	0.1441	-2.4222	0.26733753	-0.1	2.533037953	0.84701	-2.9	8.67269	3.173243438	0.19183785450311086
1HUU_A_S31T	-0.41	-0.25	0.053	-0.3594	-0.35385323	-0.4	-0.00240865084823	-0.431902	-0.2	0.458573	-0.3301594417323916	-0.07096386836757765
4UZW_A_D37A	-0.1	0.09	0.0654	0.0119	-0.3663221	-0.3	-0.691899564	-1.03267	-0.5	-1.042	-0.06606956	-0.13600497352670302
2LZM_A_L91P	10.98	2.13	2.6	1.6476	2.6384912	3.2	3.313931226	5.2089	2.1	7.04297	8.741925999	2.624472600483083
1SHF_A_V138A	2.34	2.23	2.4786	2.0653000000000006	1.8678658	2.3	2.49808286569	2.94841	1.6	2.81673	2.3019935043032307	2.2857141239745395
1YU5_X_W64K	1.35	0.79	0.8248	0.0146	2.5239801	2.5	-0.760594101	0.754274	-0.0	0.454199	1.370519382	0.5927713548764812
1UZC_A_T13A	0.99	0.98	1.1537	0.2055	0.41016877	0.4	1.66488580663	-0.790624	0.2	-0.673433	0.2844717883650632	0.9388346302460379
3ICB_A_P20G	1.19	0.27	-0.2449	0.2508	0.21442169	0.2	0.713898523	-0.713564	0.2	0.66701	0.308392686	-0.25988623209229955
1CWQ_A_T55A	0.1	0.0	-0.2254	0.0287	-0.1818665	0.1	-0.235313132	-1.69242	0.2	-0.671865	-0.06105896	-0.3293882966221691
1G83_A_F109I	2.0	1.28	1.7532	1.0187	-0.53902817	-0.1	1.281302065	-0.949001	0.4	2.06386	1.997699868	1.4790039891547582
1DKT_A_Y8A	0.68	1.27	1.5498	0.7606999999999999	2.8150918	2.7	3.29580474633	1.31676	1.3	1.61952	3.2128718045897235	1.3592291141351525
1BNI_A_I76T	2.64	2.59	2.4735	-0.0649999999999999	1.8880918	2.1	2.11807494913	3.23838	2.3	2.93229	3.154229422939046	2.409720510197322
6VCU_C_F99L	0.92	2.09	1.1993	0.2407	0.38861054	1.0	1.436595642	0.687073	0.2	2.57186	2.344888363	1.1432573971813034
1VQB_A_C33L	1.3	0.83	-0.0103	-0.4338	0.38422143	-1.1	0.585374666925	-5.68359	-1.2	1.38362	0.2780387935819783	-0.11057294556330563
1K85_A_V594A	4.19	2.98	2.5342	2.1067	2.5413399	2.9	3.748738554	3.34381	1.8	3.01075	2.999058545	2.4642498384435796
1UZC_A_E15A	0.4	0.4	0.1367	0.0542999999999999	0.42009985	0.2	1.52218945627	0.104874	0.7	1.08025	0.5600132275764815	0.00968068694552018
1AJ3_A_L73A	2.4	2.74	0.5279	1.9434	2.441064	2.5	2.48509613957	0.451009	1.7	1.89767	1.9358137387108545	0.5983357409695756
1FKJ_A_E60G	2.62	2.12	1.3563	0.3131	0.8518761	1.2	3.00234542886	-2.52263	0.0	0.861386	1.7172348378424762	1.2453624701438826
1PGB_A_K13R	-0.33	0.39	-0.0218	0.1829	-0.22227235	-0.4	-0.605965808	-0.418708	-0.0	-0.23176	-0.378497728	-0.14483520196433092
1PGB_A_A48S	-0.29	0.59	-0.0169	-0.0388	0.27054572	0.2	-0.546430582	0.312292	-0.2	-1.00605	-0.096790235	-0.12050582753336822
1YU5_X_L75A	0.5	2.1	2.2755	1.2156	2.6835938	2.9	1.948733482	4.47902	2.6	4.33437	4.040288929	2.2461332837140615
1IO2_A_E8Q	1.25	1.02	0.3263	0.2527999999999999	0.20035961	-0.4	0.0428167389733	-2.07674	-0.7	-2.36439	0.4090622899336044	0.03554156076877189
3MBP_A_L121A	2.6	1.28	2.3707	0.9136	1.4826609	1.9	1.27588954	0.8315	1.9	1.02406	2.185029857	2.112478873493353
1ERQ_A_F60Y	-0.68	-0.63	-0.1913	0.3894	-0.13665356	-0.2	-0.512904705	0.250696	0.2	0.732194	0.561211742	-0.3312626476618575
1W3D_A_I130V	0.2	0.34	0.1556	0.1773	0.26739007	0.1	-0.315124731	-0.486257	0.2	0.177871	1.082613148	-0.09082706216728043
3OJM_A_K27C	-1.959847036	0.91	-0.0511	0.6621	-0.12805793	-0.2	0.408903886	-5.61056	-1.1	-0.156855	1.450927387	-0.30030827613691724
1N88_A_I39A	1.39	3.16	1.619	2.6453	3.7464175	4.0	2.951570672	4.47807	2.5	-3.44569	2.173636827	1.4110663965489934
3F6R_A_V33A	2.676864245	1.37	1.2402	1.599	1.2368286	1.6	1.622221492	2.65013	1.4	2.71567	2.923607724	1.1024055494142684
1HKO_A_V49H	1.648037	1.61	0.1622	0.3789	0.86853147	1.4	0.298291722	-1.56695	0.9	0.303737	0.102391683	-0.046998040308822105
2RN2_A_G23A	-0.57	0.14	1.6883	-0.4531	0.052306194	-1.0	0.392604519447	-0.601355	-0.8	2.68747	1.3747576121201568	1.2753144508640095
1AEP_A_A137K	1.4	1.11	1.2563	-0.5783	1.4260621	1.3	1.68629598348	5.39054	0.0	0.476622	6.196679201858927	1.2531104741629737
1PGB_A_G38A	0.29	0.94	1.1764	0.0507	0.5757795	0.3	0.935809326	-0.44795	0.1	1.74853	1.108125424	1.0929032198192037
3MVI_A_W117F	-6.52	0.85	0.52	-0.2224	0.26703763	-0.0	1.020900385	0.569859	0.4	1.7971	1.970727226	0.3032622924365021
1EY0_A_K70A	0.16	0.25	0.1385	0.337	0.2627817	0.0	1.94755988395	0.034358	0.7	0.351433	0.1998289314055162	0.008741540400184041
4LYZ_A_R114H	-0.68	-0.61	-0.0013	-0.061	0.19041121	-0.2	1.04835302151	-0.210193	0.1	0.680861	0.4749606922801314	-0.1109261148838877
1LZ1_A_I56L	0.1	0.31	0.4181	0.1705	0.07794416	0.2	1.54276313982	0.26399	-0.1	-0.193396	0.7715764020635119	0.19041810293604874
1HZ6_A_K54A	0.1	0.18	0.0531	0.481	-0.14955372	-0.0	-0.174844048	-0.662318	0.7	0.65282	0.796762597	-0.14865308977759528
1MJC_A_T68W	-0.7	-0.39	0.2779	-0.0494	-0.2755822	-0.6	1.2645851286	-0.249453	-1.7	-0.57795	-0.6795413233092046	0.07709742988451954
1EY0_A_H124Q	-0.69	-0.6	0.1871	0.0125	-0.040907826	0.1	0.349064358461	-2.17741	0.1	-0.825857	0.3272164401646843	-0.09432454266860331
3MBP_A_P159S	1.7	1.37	2.0665	1.3836	0.15561424	0.2	0.150388637	0.718047	0.9	4.71186	1.399602981	1.8072605223091873
1EY0_A_V39I	-0.11	-0.06	0.4912	-0.937	-0.6627153	-0.7	0.870144249265	-0.014092	-0.7	-0.936575	0.1534742199813504	0.10284044764784901
2LSB_A_V209M	-2.700764818	0.68	0.3778	0.9513	0.4545107	2.3	0.732248664	-0.79113	-0.5	1.00199	1.472221201	0.129223696717902
1LNI_A_D79W	-2.25	-2.03	-0.8981	-0.3681999999999999	-1.7957678	-3.1	-1.52859003936	-3.9365	-4.4	-1.47072	-0.846194529522668	-0.8470162015481115
1VQB_A_I47A	3.32	2.71	2.0841	1.7777999999999998	2.6698065	3.0	3.8961801762	2.71961	2.5	2.72184	3.742532014895301	2.1097919455919403
2LZM_A_A130G	2.1	1.34	1.2689	-0.3086	0.85702384	1.4	2.381980941	4.16603	0.8	0.780005	1.42125369	1.1447699648368268
1IMQ_A_V34L	-0.33	0.01	-0.3303	-0.2792	0.076268435	-0.1	-0.578872224757	0.019116	-0.3	-0.375931	-0.5351161859993281	-0.30847159870973107
2JIE_A_L174R	-0.336463094	2.14	0.9041	0.5283	0.3013805	1.0	1.211601201	2.4071	1.6	2.08625	0.979228306	0.7581353039993974
1WRD_B_H68Q	-0.550239234	0.65	0.3933	-0.4763	0.16477376	0.3	0.216225712	1.13884	0.1	-0.131562	0.601075504	0.21789170472645575
1UZC_A_K26A	-0.11	0.14	0.1287	0.5137	0.22718477	-0.0	0.84171040393	-0.314338	0.4	0.156518	0.5763656441046741	-0.08384421161956768
1PGB_A_D40E	-0.5	0.19	0.1082	-0.1096	0.1490843	0.1	-1.027962657	0.806186	0.1	0.524077	-0.23446864	-0.04549793579332669
1EY0_A_D95A	3.5	2.32	1.794	-0.0157999999999999	0.14830801	0.2	2.35521177978	-0.917184	-0.4	1.53431	1.214213273476324	1.7035330453103044
1H7M_A_D87A	1.36	0.83	0.9849	0.3065	0.21988502	0.2	1.71229844233	-0.09977	-0.2	0.550234	0.9334913295534448	0.7932768210603107
1PGB_A_F30V	2.53	1.98	2.7475	1.2058	1.9011595	3.1	1.490966895	1.45258	1.1	4.94909	2.950317596	2.6193090269579016
3PF5_B_E21K	0.147527911	0.25	0.3889	0.0115	-0.06019757	-0.0	-0.853634629	-0.923564	0.4	-0.458748	0.117464318	0.173323355367169
1FTG_A_L143A	0.17	1.27	2.4996	1.1369	0.78381425	1.3	2.95393489243	1.47384	2.6	4.3984	3.806130159878933	2.1710333613917903
1GUA_B_P93A	0.082058636	0.43	0.4576	1.0008	0.30223215	0.5	0.266362393	-1.22124	0.3	2.19042	-0.270314466	0.19530878181004901
2ABD_A_Y31N	1.86	2.28	2.3709	0.3789999999999999	3.0486178	3.1	3.75776203141	4.41844	2.1	4.35882	3.024261665019788	2.350783982138767
1PAR_B_Q9A	0.1	0.24	-0.0066	0.245	0.16099805	0.1	-0.045921718	0.404844	0.6	0.35476	0.801493046	-0.11773783333174881
1G83_A_I133V	0.0	0.62	0.8035	1.3429	0.22114813	-0.0	1.141330949	-1.80354	0.7	1.62586	0.900601926	0.6557436722633124
1RTB_A_V54G	4.87	4.11	3.7097	3.0714	5.0408697	5.0	4.0904910198	10.7104	2.6	4.58229	4.817660023817514	3.228953750727585
1TEN_A_Y837F	0.4	0.95	0.5221	0.3141	0.2601571	0.3	0.597149465	-1.78773	-0.2	0.179258	-0.216493278	0.3116235650445524
1RRO_A_P21A	0.74	-0.01	0.2694	0.4053	0.16099465	-0.0	0.506324221	0.297571	0.1	1.0039	-0.056674301	0.08899378046259318
1RIL_A_T9E	9.3	2.05	2.3517	0.3532	0.8154746	1.8	2.725076233	8.44333	1.1	4.83947	3.272331399	2.3718811139740836
2IMM_A_N90Q	-1.05	-1.01	0.2305	-0.2696999999999999	-0.15347853	-0.5	0.684339193369	-0.397061	-0.9	6.37983	1.0408039423955977	0.03761334440384334
1IMQ_A_E31L	0.67	0.41	0.2236	-0.3471999999999999	0.28539082	0.0	0.432480122444	0.050372	1.1	0.022623	0.0544998630673493	0.09059328968603866
1HKO_A_V49E	2.675075	1.65	0.1433	0.2224	1.4318649	2.0	0.097420098	2.49262	1.5	-0.0925662	0.217896501	-0.0679232107258749
1PGB_A_V21A	-0.42	0.59	0.0844	0.0846	0.59419584	0.5	0.228097342	-0.298263	-0.4	0.359908	0.008226358	-0.033242045306273685
1EY0_A_V99I	0.14	0.05	0.0604	-0.2842	-0.42083085	-0.3	0.148667577307	-0.413385	-0.7	-0.373651	0.182507712499591	-0.13335113914654126
1FKJ_A_I76A	3.36	2.61	1.7739	2.862	2.5246327	3.0	3.56527992583	4.32639	2.5	4.62134	4.1036169550800095	1.7169804367139334
6TG7_A_D38G	7.5	0.39	1.34	0.6578	0.47668943	0.5	1.120419462	-2.42972	-0.7	2.39835	1.928399768	1.1963603853770741
3RW6_A_L317I	0.85	0.86	0.8851	0.4015	0.43354386	1.0	0.453146504	0.713202	0.1	2.2469	2.111448356	0.613854040373865
5CIG_B_P71V	1.0	0.55	0.2757	-0.0907	-0.26259187	0.2	0.550656682	-2.79254	-1.3	1.70412	-0.392014628	0.17428229181580265
1GUA_B_N64A	1.140057361	-0.18	0.5498	-0.0041	0.6401444	0.2	0.202018893	-0.11843	0.9	0.651124	1.195710351	0.282175240451553
1LZ1_A_I59M	1.29	1.36	1.2837	0.3535	1.362608	1.8	2.25724613533	6.71695	0.3	-0.554034	1.2776852735633106	1.0481137469266164
1EY0_A_G96F	2.55	2.49	1.1391	-0.6598999999999998	0.78920424	-0.2	1.38344071355	0.066109	-0.1	3.82817	0.9683052799977754	1.0397722129369034
5PTI_A_F45A	7.2	2.97	2.3279	1.797	3.391831	4.4	2.703930285	5.34217	2.5	3.3417	3.315877149	2.2114231617163003
1C9O_A_Y15F	0.05	0.02	-0.0954	0.1412	0.09588775	-0.0	1.068631446	0.506067	-0.1	-0.371555	-0.2423073142096093	-0.18242495235590622
1IFC_A_W6Y	0.87	0.93	1.1863	0.2503999999999999	0.7006023	1.0	1.38095616779	1.97374	0.9	1.93837	2.037003157399432	1.0773396621684261
1JOK_A_T41K	2.3	1.52	0.5691	-0.3397	0.7105767	1.0	2.427938334	1.80846	0.2	1.49979	0.726403605	0.4680136000659475
1C2R_A_K14E	1.1	0.91	1.0273	0.2569	0.15987015	-0.2	-0.03891519	1.29733	0.3	0.386596	0.854289991	0.8304375171862983
1IFC_A_G44P	1.9	1.22	1.3897	-0.3628	0.45559347	0.5	0.301727557	0.486447	-0.1	4.56399	6.506269685	1.4336212346044344
1PGB_A_T11E	-0.46	0.43	0.3679	-0.0426	0.3473158	0.3	-1.003610986	0.469501	-0.9	0.282063	-0.142330008	0.17435902230279648
2LZM_A_A42F	3.6	-0.46	1.5675	-0.7074	-0.27446255	-0.5	2.648350858	-1.73773	-2.9	20.598	5.625008155	1.6175053787878269
1UZC_A_Q60A	-0.31	-0.01	-0.1827	-0.0149	0.29231694	0.3	1.83627199937	-0.601996	0.4	0.252628	-0.131686048647307	-0.16771307677443809
1AYE_A_V66AG	0.8	0.26	0.3241	0.5696	1.1116194	0.9	0.286447251	1.23941	0.2	0.675276	0.832493851	0.11212193923214042
2CI2_I_V57A	1.07	1.14	0.9128	0.8018000000000001	1.1896977	1.4	1.82547493813	-0.193521	0.7	0.390381	1.0717483267272931	0.7840861334740581
1PGB_A_G14M	-0.94	0.34	-0.7679	-0.4308	0.86424494	0.2	0.120028223	-0.832394	-1.2	2.36785	1.478415264	-0.5633400737186476
2Y5B_F_I106A	3.22	2.22	2.4822	1.8405	2.1655388	2.9	3.306495565	4.50897	2.5	3.85769	4.333926824	2.378976825112985
1RW5_A_H97A	-0.33	1.13	0.3678	-0.1077	0.52331614	0.7	0.083733898	-3.06627	0.2	0.365392	0.731832147	0.10143447566622221
1EY0_A_M32A	1.81	1.27	1.7206	0.7954000000000001	0.91404825	0.8	3.02336027208	1.95589	1.5	2.06402	1.4408246602948218	1.630583709640301
1AYE_A_F37AL	1.99	0.45	1.3379	1.3461	0.43937153	1.2	0.601487976	-0.115158	0.2	1.02411	0.932451039	1.0959035456419501
3OJM_A_S62I	-1.9	-0.36	0.0911	-0.7431	-0.7913268	-1.1	-0.504266833	-2.1121	-0.9	0.657875	-0.530647944	-0.11173652785834391
5DFR_A_G121A	0.01	0.22	-0.1771	-0.0617	0.3843038	0.0	1.09319725904	-0.055852	-0.3	-0.0245576	0.6126448826074943	-0.225885972714871
1APS_A_V39A	1.63	1.6	1.233	1.2168	2.4025307	3.0	2.57169919919	3.18319	1.7	2.88983	2.5834950712029747	1.1486535450986992
1E65_A_L50T	2.34	2.31	2.2945	1.5819999999999996	2.0442095	2.6	4.12335643098	7.63916	2.4	5.62711	2.990676034607426	2.626362531881797
1BVC_A_A130L	0.99	0.88	0.8725	-0.9739	0.3514698	0.1	2.3773250095	-1.65104	-2.6	5.49119	4.410765989382068	0.6622064164982214
2LH8_A_F108W	1.434034417	1.04	0.5969	0.0334	0.4161217	0.4	0.222213256	0.492373	-0.3	0.681159	0.986985519	0.45968231138460824
1Y9X_A_E36A	3.608986616	0.27	1.1858	0.2189	0.4756861	0.1	1.099853948	-1.12044	-0.1	0.187278	0.51801381	0.9804855530317017
4LYZ_A_S91T	-0.99	-0.4	-0.0266	-0.4659	-0.23714969	-0.3	0.0230095641868	-2.32084	-0.7	-1.87532	-0.4277599046201946	-0.25817038768435474
1ZNJ_B_H10D	-0.76	-0.49	1.4823	-0.2961999999999999	0.39025795	0.6	0.811577826975	0.692925	-0.3	0.0533447	0.2769473060459287	1.194261596999032
2CI2_I_V53T	1.31	1.1	0.4916	0.2717	0.4682131	0.3	2.31752251714	0.901979	0.3	0.242562	0.6378317953566714	0.3893896009934731
2DRI_A_N13A	1.0	1.43	1.2192	0.3173	0.2769647	0.1	0.346069464	0.929447	-0.9	1.08498	1.242594941	1.1059315526939373
1CUN_A_K152G	1.45	1.22	0.686	-0.0208999999999999	0.75870043	0.4	2.74731836004	-0.13817	0.6	0.660026	0.6079851345050638	0.5466305098507119
1BNI_A_T100G	2.8	1.38	1.6651	0.4672	0.6349193	0.5	0.700174007	-0.315624	0.4	0.139921	1.724966743	1.4580335058940963
1VQB_A_L32Y	-0.5	-0.24	-0.3583	-0.1588	-0.12515317	-0.2	2.1405688178	2.75904	-0.1	0.397317	0.5362650786885966	-0.272531148556746
1WQ5_A_E49W	0.02	-1.29	-1.1751	0.4305	-0.40559244	-2.1	-1.75599693587	-14.2099	-4.3	2.85605	-1.3753462551858335	-0.6661459908376397
2LZM_A_K83H	0.42	0.35	0.6242	0.5752	0.15943128	-0.2	1.65447040331	-2.60584	0.1	1.53655	-0.011831388423415	0.4772073875768997
1FEP_A_E248C	-6.83	0.94	0.17	-2.2833	-0.13765016	-0.4	-0.24449788	4.3518	-1.4	0.155899	0.726473131	-0.0231301671454118
3MBP_A_P107A	7.8	1.28	3.1619	1.5054	0.46509534	1.1	-0.980039092	-4.44595	0.4	3.0885	0.289292243	2.345965302107499
2EB8_A_L76A	-0.01	1.64	1.8901	1.7403	2.253706	2.0	3.681457244	4.44802	2.6	3.70174	3.650823188	1.7108752239981697
1ARR_A_K46G	0.73	0.38	0.3142	0.6776	0.54578674	0.1	2.1190960927	-0.084503	0.5	0.568949	0.8531930142874286	0.15242705931655426
1BNZ_A_A45G	1.27	0.62	0.6472	-0.0599	2.0242896	1.6	0.265457828	-0.043197	0.5	0.547105	1.617164076	0.4408517848712388
1PGB_A_G14T	-0.39	1.07	0.2077	-0.0163	0.88422877	0.4	0.757773852	-0.254569	-0.5	4.05069	2.850480111	0.10010612215480601
1PGB_A_V21H	-0.19	1.08	0.2474	0.215	1.0988438	0.6	-0.709733245	0.226683	-0.9	-0.188815	-0.429149802	0.0701957369216039
1RN1_C_G23A	1.2	0.88	0.8685	0.8817	-0.8476869	-0.8	-0.757067025576	-2.89671	-0.8	3.40303	0.7757404782738742	0.5874792450312251
1QLP_A_A183F	-1.5	-1.11	-0.4516	-2.6298000000000004	-0.99173874	-2.0	-1.50691950244	-5.00771	-2.8	-2.21517	0.973418148359452	-0.5651127939723077
6ETK_A_Y97A	12.0	3.58	3.109	3.0203	3.5421343	4.5	3.798990395	2.70159	2.4	4.61868	3.744685378	3.0324699510094875
5JQT_A_H107N	2.8	1.73	0.8682	-0.0706	1.0354488	2.5	1.360628248	3.65956	1.1	1.46159	2.060500934	0.711358342151474
1PGB_A_Y3I	3.29	2.19	2.6111	0.6131	0.9032601	2.4	0.767196276	-1.29682	-0.0	0.365875	2.972109803	2.3882580279862795
1EY0_A_K48G	-0.24	-0.09	0.2151	0.5087999999999999	0.2808126	0.0	2.42500360939	-0.520804	0.5	0.227894	0.8274334956528784	0.08300665565028827
1PGB_A_E42H	-0.03	0.3	-0.0261	0.0435	0.19483471	-0.1	-0.571868062	-0.20403	0.3	0.154364	-0.13004427	-0.11219036911167808
1RHG_A_G26A	-1.93	-1.34	-0.4866	-0.3605	-0.32499635	-0.6	-0.316242007416	-1.34064	-0.2	-0.680616	-0.4790634397364562	-0.5500660632537092
1KA6_A_R55L	1.63	-0.12	-0.208	0.0058	0.03207246	-0.4	-0.485734026	-3.12328	0.1	-0.933193	-0.049199738	-0.33055751262364164
1EY0_A_E101F	2.74	2.04	1.211	-0.2298	-0.4784545	-1.6	2.76142288179	-1.28888	-2.5	-0.904154	-0.9039352286040452	0.8811445015721049
1G83_A_V138F	0.03585086	1.0	2.3853	-0.8607	0.4820623	0.4	1.501965001	-1.14757	-1.0	6.20971	0.776995525	1.973215683723843
3OJM_A_L126I	0.0	0.42	-0.6085	0.022	0.19191389	0.6	1.480025952	-0.03985	0.1	0.335404	1.125108898	-0.36403614280848445
1PGB_A_A26G	4.0	1.7	2.7357	1.2118	2.0286832	2.3	2.517197061	2.57897	0.8	1.83577	2.397737981	2.497398390836932
1EY0_A_D77K	3.28	2.45	2.0221	-0.0736	-0.14763778	0.1	2.49471017293	2.74511	-1.5	13.3055	3.642443038572034	2.0915232121722074
1FKJ_A_V24A	3.04	2.79	1.2311	2.0991	2.0785143	2.7	3.01092736604	4.54288	1.8	2.92575	2.4175579640954967	1.2951630532706555
1PAR_B_I37V	1.37	0.39	0.4541	0.5345	0.55902207	0.8	1.366086779	0.646602	0.5	1.29295	1.0771118	0.29155512396952504
2TRX_A_V55I	0.310707457	-0.26	0.0532	-0.2889	-0.24998325	-0.3	0.484417704	-0.94075	-0.7	-0.788124	-0.275700367	-0.17475851585146002
1PGB_A_Q32N	0.01	0.55	0.4969	0.1727	0.20009533	0.4	0.43931526	0.851382	-0.0	-0.0420482	0.146631452	0.333369331692453
1LZ1_A_Y124F	0.36	0.54	0.4538	-0.1541999999999999	0.25859094	0.3	1.28684497452	-0.815289	-0.3	0.161953	-0.2205990186954337	0.33088965235188256
1TIT_A_Y9F	0.4	0.45	-0.0697	0.0899	0.21969128	0.1	-0.567631571	-0.435827	0.1	-0.297298	0.205045257	-0.13976243968774493
1EY0_A_Q106A	-0.25	0.25	0.1016	0.059	0.13865012	0.0	1.82568544617	-1.78947	0.2	0.642354	0.2391962340677372	0.0161937517350649
1FKJ_A_W59L	-2.35	-0.84	0.5441	0.7798	-0.607329	-0.2	0.949698086255	-1.71854	0.8	3.73628	1.764671753480039	0.2512822449464268
1EY0_A_Q30G	0.93	0.76	0.7487	-0.1043	0.3326158	0.4	2.61845900368	-0.412563	0.5	1.52866	0.7434920379472428	0.642959556022739
1NMV_A_M15A	0.59	0.92	0.8868	0.7138	0.41234082	0.4	1.24015361	-0.636174	0.8	0.166339	0.442638762	0.7758590878033355
1MM4_A_S131A	1.270661	0.55	0.1787	-0.0188	0.22907281	-0.3	0.283302352	0.489809	-0.3	0.468871	-0.313095366	0.046169315105831776
1PGB_A_K10A	-0.22	0.12	0.2701	0.5546	0.1454819	-0.0	-0.21827855	0.708424	0.7	0.294667	0.207141392	0.08517846945244444
1LZ1_A_Q58G	-1.91	-0.49	1.5751	0.4610999999999999	1.8658954	2.4	2.82062489294	-2.14652	0.7	-0.467269	1.3611326504440449	1.1359569307989508
3CMM_B_P37A	1.075525813	0.5	0.5871	0.289	0.26676756	0.3	0.669135238	-0.025617	0.2	1.35206	0.218512396	0.44953075228738637
2LZM_A_L33M	2.0	0.9	1.4627	0.2806	0.20609602	0.3	0.759510849	2.13871	0.3	0.364997	1.791672026	1.2338386741718088
2H61_A_L3S	1.25	0.72	0.2065	0.764	0.33737957	0.9	0.811968620451	-0.114374	0.0	-0.0179659	0.8529463636797537	-0.0061904693907353595
1GUA_B_S77A	1.572657744	0.06	0.7737	-0.2607	0.23191369	-0.0	1.793093863	0.39592	-0.3	0.862812	0.454988144	0.5208896904911138
1BFM_A_M35Y	0.4	-0.69	-0.1165	-0.0516	-0.43899167	-0.8	0.249203456	0.398635	-0.2	0.727947	0.166265475	-0.2697126574162802
2CI2_I_D42A	1.0	1.17	1.2845	0.2862	0.113419846	0.5	0.261676179772	0.052557	-0.3	0.0344825	0.1248598477905649	1.0890023351813558
1BNI_A_D44E	0.11	0.17	-0.0679	-0.0298	-0.063393116	-0.0	0.472095078278	0.990622	0.1	-0.331127	-0.1441738138105108	-0.14274815158189583
6TG7_A_A36G	5.4	1.31	1.147	0.867	1.2928438	1.6	1.129608221	2.71138	0.8	1.18459	2.268264206	0.9952774942837133
1FNA_A_S85A	-0.13	0.29	0.0059	0.0374999999999999	0.06286694	0.2	0.300745470257	-0.405175	-0.3	0.550667	-0.4685859795483188	-0.09034179472972094
1PGB_A_E27K	-0.83	0.67	0.7729	-0.0318	0.020271525	0.5	0.358239482	3.27273	-0.4	-0.0081682	0.497398031	0.6198769600354215
1PGB_A_A23R	-0.59	1.31	-0.1052	-0.0884	0.3841408	0.6	0.047006823	-0.04713	-0.4	-0.0202078	-0.035491944	-0.17484806681782275
1JOK_A_L125E	6.7	3.13	2.3724	1.0899	2.4755144	3.1	3.253842333	9.12357	3.6	4.36549	3.367413221	2.4436173959600773
1RTB_A_D121N	1.71	1.66	1.0742	0.0696999999999999	0.19377539	0.2	1.51139062195	-1.06908	-0.5	-0.455207	0.7139057936751527	0.8009877284229283
1BNZ_A_A51G	2.1	1.8	1.7806	0.9988	2.6567302	1.8	2.831452052	1.98323	0.7	1.69279	2.269667063	1.6884810480702235
2CI2_I_K43G	3.34	2.53	1.286	1.1205000000000005	0.62519675	1.0	2.65408482009	-1.01597	0.8	2.71606	1.866306559265925	1.285404959321276
2KV4_A_S9C	1.51	0.25	-0.2276	-0.1274	-0.87046707	-0.1	-0.443095123	1.00023	-0.6	-0.395289	0.473658492	-0.29571298943959395
1EY0_A_K97G	1.85	1.3	0.9645	0.3348	0.63416046	0.4	3.57645349078	-1.61358	0.6	2.12164	1.1377628350402824	0.9219500179563216
2EB8_A_V66A	-0.75	0.02	1.0608	0.7845	0.58590615	0.7	0.398501333	0.19523	1.0	0.881076	1.066636502	0.6788859978367942
5DFR_A_S148E	0.61	0.68	1.2625	-0.1475	-0.13589314	0.0	2.12644914465	2.19534	-0.2	-0.461393	0.1161651707549277	1.0310377082397995
1BNI_A_T26S	0.56	1.07	0.5843	-0.1108	0.42931867	0.4	1.74653165117	-0.251487	0.4	-1.00726	0.5660612349386396	0.38106083824882087
2LZM_A_T59V	1.5	0.92	1.3667	-0.0603	0.38804913	0.2	1.972913872	-0.766379	-0.3	1.2931	0.388982771	1.1822692771929355
1HFZ_A_Q54A	0.41	0.58	1.3983	0.5463	0.5212988	0.8	1.53198600657	-2.37257	-0.0	0.54811	0.4831253661795237	1.1314423652679968
1YYJ_A_F65A	1.92	2.25	1.2464	2.1881	2.5949054	3.0	3.04798499019	2.30705	2.7	2.41881	3.2529739006211416	1.3328776143716028
1PGB_A_T44N	0.0	0.74	0.5939	-0.0011	0.550611	0.4	-0.647388202	2.56862	-0.1	0.271052	0.083326847	0.48277050405984073
1PGB_A_T55Q	0.04	0.59	0.9055	0.0967	0.54818094	0.9	1.013746559	0.634275	-0.0	-0.311288	0.35126125	0.7527526708204892
1FKJ_A_I76V	0.33	0.37	0.6203	0.5172	0.43264133	0.4	1.35428360437	0.440532	0.7	1.44394	1.250087426802647	0.516305705344207
1U4Q_A_L1679A	1.93	3.09	1.7476	2.3894	1.9394317	2.5	2.102859563	1.4117	2.6	3.24827	4.068093174	1.7286132321246401
1RTB_A_V54L	1.09	1.14	0.0955	-0.1639999999999999	0.26821357	0.8	-0.423861136694	-0.873957	-0.9	0.837853	0.2419373771691835	-0.031129181676292982
1WRD_B_H68E	-0.765550239	0.75	0.532	-0.4227	0.19841643	0.7	1.171807988	1.99124	0.4	-0.0232162	0.684165324	0.36049655914927764
5PTI_A_C30G	8.7	2.66	1.6354	-0.0207	4.980506	4.5	2.845641984	8.09587	1.7	4.19831	2.682231173	1.4815608626590957
1AJ3_A_Q64A	0.7	0.54	0.4086	0.03	0.21859512	0.1	1.76840066511	-2.66384	0.3	0.498805	-0.0793546649790855	0.24657826901120253
1BNI_A_A32K	0.15	0.11	0.0906	-0.3702	-0.18827753	0.0	0.65696989664	0.590371	-0.7	-0.135967	-0.1627650618868104	-0.013067676225888818
1AON_U_I3C	0.44	0.47	-0.0438	0.5861	1.3544464	1.3	2.5166768109	3.69926	0.5	1.20663	1.925803970032732	0.06543961068643789
1EY0_A_H124G	0.52	0.75	0.6999	0.1261999999999999	0.6022763	0.7	1.70779324906	-0.526625	0.6	0.535856	1.1790763751935789	0.6194532134943611
2LZM_A_K147E	0.53	0.49	-0.371	-0.0139	0.14462942	-0.2	2.35006948926	-2.60477	0.4	-0.281268	0.3882091921650982	-0.31008132614841255
3O39_A_L32P	3.25	2.16	0.1867	1.0384	2.2826	3.5	2.538508072	3.26981	2.0	3.72135	5.084823026	0.36577997884412616
5JQT_A_I256C	0.3	1.62	1.6187	1.5028	0.96113515	2.0	0.565775635	3.88818	1.0	2.39726	3.246095108	1.4841434146049615
5PTI_A_T11A	0.0	0.97	-0.1306	0.0916	0.28110152	0.3	0.223030292	1.53726	0.2	0.49398	0.350628987	-0.1555122599843465
5PTI_A_D50A	0.4	1.27	0.3274	-0.0067	0.13873734	-0.0	-0.126748935	0.303269	-0.3	0.901844	-0.082680927	0.15822920724826425
1PGB_A_I6Q	0.58	1.7	1.5113	0.366	1.7681823	2.2	1.299398665	1.04705	0.9	1.36626	0.986858832	1.3732864633726518
1EY0_A_S128G	1.52	1.29	0.7671	0.2283	0.4383538	0.8	1.86472230327	0.723508	0.4	0.503176	0.4671991685089183	0.7057397483723256
3F6R_A_L5A	2.533460803	1.58	2.5743	1.9259	1.7720436	2.4	2.899227636	2.30693	2.6	4.36189	3.422771289	2.3058566226706203
6VCU_C_R42A	0.64	0.88	0.164	0.3195	0.4565711	0.6	0.280294659	0.554219	0.5	-0.204555	0.556102568	-0.06155164034775582
1FTG_A_L105A	2.69	2.09	1.845	2.5389	2.3711557	2.8	3.524831926	5.43932	2.6	4.24745	3.54706757	1.8228042358331713
5PTI_A_F4L	2.2	1.87	1.7272	0.2543	-0.1869242	0.1	0.866150230851	-0.124894	0.2	3.60724	1.3503856849737006	1.4785460245266477
1PGB_A_V54Q	2.91	2.93	3.1566	0.8395	2.3687234	3.8	3.508170441	5.36308	1.9	5.15512	3.334522071	3.0653977809926425
6MNL_B_A420D	-0.44	1.14	0.1964	-0.0708	0.34552222	0.6	0.528746958	0.8109	0.2	-0.326326	0.339299416	0.056349684891364035
1GUA_B_L121A	2.534257489	1.44	1.5129	1.1161	2.5224648	3.3	2.734520182	2.43731	2.4	3.45855	3.445762339	1.3292036851529259
1RIL_A_T9K	10.0	1.77	2.1717	-0.2102	0.74376416	1.2	2.695971074	4.85175	0.2	4.10444	4.672640318	2.2378221293721596
1PGB_A_A48I	-0.07	0.35	0.3827	-0.4087	0.25783703	0.2	-0.576539023	0.29518	0.5	0.502718	-0.054396349	0.14483493012224824
1TEN_A_F889A	5.43	2.32	3.4433	3.4464	1.3921022	2.0	3.334562049	0.609038	2.5	5.10647	4.698248636	3.075504511923867
4BUQ_A_Y48A	1.435	0.43	0.533	0.6995	0.3795045	0.8	0.767260979	-0.364879	0.8	1.24791	1.493540915	0.3118643584270002
1B2M_A_Y68F	1.36	1.0	0.9594	-0.0579	0.39176255	0.8	1.05042241	-0.104051	-0.3	-0.665063	0.048007082	0.7431234002431584
1VQB_A_V45L	1.5	-0.28	0.2891	0.12	0.060403984	-0.1	0.492241815569	0.509925	-0.5	-0.866493	-0.1093345859970895	0.028527892220045502
1AZP_A_A50G	2.1	1.69	1.8093	0.7049	2.6567302	1.8	2.570239511	2.40624	0.7	1.40996	2.217906566	1.7055916627424044
1PGB_A_N35A	-0.59	0.39	-0.1114	0.0452	0.7555925	0.4	-0.604885481	-0.839287	0.6	0.00113045	-0.116519527	-0.20115523048015155
2NWD_X_T70V	0.692653	1.05	0.7176	-0.0883	0.24138504	0.3	1.477192797	0.260455	-1.3	-0.486984	0.353524209	0.5145670067191255
1BNI_A_G34A	2.91	2.83	1.9119	-0.0775	0.37465075	0.2	0.83811214042	-0.892008	-0.3	3.02575	1.61631166766972	1.8365239708311307
5PTI_A_R42A	0.5	0.25	0.2666	0.086	0.17176664	0.3	-0.338563507	0.113838	0.5	0.308216	0.897588525	0.02306860395676772
1NMV_A_H27A	0.12	-0.15	0.0312	-0.1184	0.19210705	0.5	-0.376851879	-0.4022	0.4	-0.176149	0.910816321	-0.1084701143525864
1E6E_B_F64W	0.325358852	0.85	0.3022	0.9178	0.101580516	-0.1	-0.054649292	0.210974	-0.4	0.964482	0.234212655	0.12854126430402685
1YYJ_A_A90G	2.34	1.95	0.7638	0.3413	1.0644476	1.2	2.23035822958	4.11138	0.6	1.3153	1.7091645915533462	0.6296307579570438
1ERQ_A_G92D	-1.09	0.24	-0.2525	0.1343	-0.46854424	-0.4	0.304396776	0.081276	-0.5	-0.203208	-0.584317772	-0.32109890854187884
1G83_A_F103L	1.1	1.01	1.9806	0.9849	0.15347844	0.5	0.919322277	0.830335	0.2	1.12259	2.52990941	1.7770057567105262
1BNI_A_G53A	3.4	2.73	2.2832	0.3582999999999999	0.836239	0.8	1.11521257733	-1.42187	-0.6	3.0952	0.5202455164773673	2.106321681343703
5NV6_A_R533Q	1.1	0.05	0.5295	0.0198	0.21867286	0.1	-0.080188988	-0.101021	0.1	-0.33272	0.255379441	0.2932035993238555
1IGV_A_F66A	4.2	3.7	1.5013	2.0497	3.023495	4.8	3.63310069028	5.13862	2.9	4.62669	4.758957960858644	1.3971160424662201
1CWQ_A_S59A	-0.1	0.4	-0.5397	-0.0353	-0.17733628	-0.8	0.066836294	-1.31925	-0.4	-0.582791	-0.254967488	-0.46500454762028376
1RTB_A_I81V	0.43	0.54	0.8129	0.7316	0.3116541	0.4	1.36124673928	0.230599	0.7	0.261071	0.4592682927748809	0.6716632439625646
1PGB_A_L5Q	4.0	3.18	3.2636	1.1762	2.5901332	4.6	3.462581027	7.00521	2.7	3.73084	2.840819425	3.1056043584752584
1PGB_A_L12K	-0.6	1.8	0.4799	0.0267	0.5351175	2.1	1.19116747	4.7795	1.4	0.573665	1.820692044	0.3499700510730806
1MM4_A_Q161A	-0.181523	0.39	0.1879	0.2389	0.003300954	0.1	0.63019764	-0.9828	0.2	0.581391	0.342924504	-0.0270733105646415
2PTL_A_L54A	2.313333333	2.0	0.8755	1.1212	2.1894002	1.9	2.159514018	2.50569	1.6	1.22846	1.243050052	0.7433718705456009
1EY0_A_V51L	0.1	0.18	0.2811	0.0069999999999999	0.10149068	0.0	1.31296623379	0.815233	-0.0	-0.690811	0.3084441763147239	0.08824999171415455
1PGB_A_L12G	0.28	2.0	0.881	1.5782	1.5988008	2.3	1.289403924	1.95956	2.1	3.00191	3.035812871	0.7517593130904805
5XP1_A_Q89R	1.8	0.9	0.6579	-0.0627	-0.26647022	-0.1	0.639349215	1.81068	-0.4	0.803158	0.381199179	0.46482584633845325
1PGB_A_A23L	-0.22	0.45	0.474	-0.2306	0.27968627	0.2	-1.282680677	-1.4097	-1.5	-0.374268	-0.498630992	0.259802421485015
1MGR_A_Y89F	0.0	0.8	-0.0323	0.2029999999999999	0.9194766	1.6	0.663650756512	-0.521189	-0.3	-0.961767	-0.0233318830230416	-0.17962068415807197
1YYJ_A_A87G	3.2	2.89	1.7475	0.8156000000000001	2.4657896	2.4	2.66926298874	6.32942	0.8	2.01252	2.967927194825249	1.7589158163153034
1QK9_A_T82A	0.47	0.74	0.3324	0.323	0.2519693	0.3	1.27231498	-0.189181	0.2	-0.571894	0.209984695	0.14398382661675843
1PGB_A_A34V	-0.02	0.36	-0.0524	-0.8458	-0.5821509	0.2	-0.296036184	-2.46535	-1.7	-0.0284299	-0.510658115	-0.21386620400814427
1LNI_A_S9A	1.3	0.11	0.2079	0.0055	-0.12127617	-0.1	0.004117183	-0.364438	0.2	0.0379021	-0.010143536	0.0171181497064619
1SAK_A_F328A	2.36	0.23	0.1285	3.9393	1.6501923	0.9	2.68612021725	-0.427599	-0.5	0.250111	0.8723457692544714	0.07988693208050365
5B83_A_D267W	-1.768642447	0.23	0.3964	-1.0274	0.12334776	-0.2	0.172265688	3.21474	-0.8	-0.877226	-0.436403746	0.11826241895753205
1VQB_A_Y26R	0.2	0.08	2.2133	0.9859	0.37268063	1.3	1.88635740162	1.85294	0.7	0.565271	1.6210827941556245	1.7747230042473376
1BNI_A_A32L	0.11	0.51	0.0739	-0.6573	0.16082492	-0.0	0.187263536604	0.092743	0.5	0.56046	-0.5270259448338399	-0.051534412051238446
1PGB_A_E27S	0.36	0.75	0.6894	0.0988	0.45218936	0.4	1.469715903	0.564761	-0.0	0.635609	0.9049767	0.5614985638325098
1EY0_A_V99A	3.35	2.99	1.9643	1.5583	1.8159636	2.5	3.25343848355	4.3425	1.8	2.31176	2.701812113288823	2.055469479709206
1FKJ_A_T21V	-0.56	-0.03	-0.1405	-0.1493999999999999	-0.4685502	-0.6	0.474793890464	0.929033	-1.1	-1.12459	-0.9836595060068476	-0.2660725080041026
1PGB_A_D36G	0.95	0.27	0.1907	-0.0864	0.68521804	0.5	0.338627687	-0.452372	0.8	-0.0516411	0.527937331	0.01266502836921766
1U4Q_A_D1742G	0.98	0.6	0.4497	-0.068	0.365222	0.3	0.780749267	1.07618	0.2	-0.0189101	0.837394586	0.25036230516480595
1HK0_X_H22T	-1.4	-0.05	0.4565	-0.0598	-0.3724066	-0.1	1.274352416	0.906522	-0.0	0.572618	1.380913661	0.033769118838855125
1PGB_A_D36H	0.09	0.27	0.1635	-0.2427	0.07761318	0.1	0.596859155	2.46044	0.5	-0.83642	-0.318499047	-0.023089619002413776
1EY0_A_K64G	0.51	0.64	0.8098	0.2458999999999999	0.6789745	0.2	3.34071463299	-0.241436	0.6	0.945387	0.7191170336777697	0.7558595007811879
6TG7_A_V11T	5.3	2.11	2.1681	0.4092	1.8640827	2.4	1.963284376	3.50043	1.5	2.52146	2.077503206	2.049425838105059
1MM4_A_T138A	0.508742	0.61	0.5824	0.2293	0.3435362	0.3	0.797513928	0.45258	0.2	-0.112151	0.196384283	0.41970162516111637
1IFC_A_A104C	-1.32	-0.72	-1.2984	0.2069	-0.2845966	-0.2	0.326137023022	-0.192807	-1.3	-0.414335	1.220571115045938	-0.8396791549268258
1U4Q_A_I1712A	5.75	2.69	1.7452	2.15	2.1668067	2.4	1.680578751	3.17795	2.4	2.97319	3.001230836	1.7042261374167111
1GUA_B_E104A	-0.02071383	-0.21	0.1894	0.2468	0.1265566	-0.0	-0.040525908	0.046291	1.0	-0.186318	0.826372881	-0.04849362577482066
1WQ5_A_I37A	4.42	3.63	1.9732	2.6685	1.220614	2.4	2.45813192367	5.90825	2.5	3.63359	3.2980479154203683	2.0482991248378215
1PGB_A_Y45D	1.05	0.65	3.9267	1.0619	2.7378397	3.3	1.016838169	5.58773	1.8	4.30423	3.872828054	3.068600703897454
1RCF_A_H34A	0.83	1.06	0.6118	-0.2523	0.11338629	0.1	1.295541779	1.58486	0.2	2.66278	1.233283407	0.38524511284972
1RN1_C_V89S	4.87	3.89	3.3533	1.0893000000000002	3.0442548	3.6	4.7206677254	7.02893	2.2	4.51788	4.131470172507608	3.3635259758612683
3PF5_B_E66V	-1.7	-0.58	-0.1672	-0.0441	-0.5097932	-0.5	-0.272136303	-1.42185	1.0	0.0858258	0.172147845	-0.28969838605096465
1FTG_A_Y85F	1.46	0.67	-0.0751	0.1891	-0.16133529	-0.7	0.708792255	-1.26938	-0.4	-1.00187	0.322199013	-0.21327796347747202
1CEY_A_A99G	0.48	0.6	0.4996	-0.2252999999999999	0.6562617	0.6	2.60025618688	1.88347	0.2	0.73692	1.0465783656687568	0.3086562060444461
2LZM_A_M120L	-0.5	0.41	-0.45	-0.4576	0.12194179	-0.3	0.823238961	1.36786	-0.3	-0.570402	-0.459804062	-0.4925266285201853
1PGB_A_K13I	-0.23	0.04	-0.062	-0.3901	0.2183503	-0.1	-0.154137781	-1.31938	0.3	0.0429637	-0.476962473	-0.1715896288665124
1PGB_A_V29Y	-0.19	-0.11	-0.345	-0.6443	-0.46348268	-0.5	-0.179968643	2.81456	-0.4	-0.0704242	-0.126895559	-0.3534765899548087
4KJJ_A_I61A	1.6	2.49	2.0697	1.8355	2.462566	2.8	2.91226278	2.25405	2.5	4.19543	4.041745639	1.9507159182372493
2JIE_A_N296A	2.249965035	1.7	0.7541	0.0157	0.4390577	0.6	-0.402877347	1.94928	-1.0	1.44154	0.689401435	0.716522104462116
2JIE_A_N296C	0.017277815	1.27	0.4649	-0.0264	0.19516739	0.7	-0.404746471	2.63398	-2.4	0.759091	1.411118715	0.27208353814158986
1C9O_A_E21K	0.31	0.29	0.6787	-0.0086	-0.07039511	0.1	2.11735944185	-0.210834	0.3	-0.277875	0.1194124831695592	0.4558314818840943
1U4Q_A_S1728G	0.79	1.16	0.3365	-0.2236	0.32218045	0.5	0.226668051	0.709677	0.2	0.788442	0.510838584	0.2549108374637613
1IGV_A_F66W	0.93	1.1	0.8715	1.1921	0.63718003	1.8	1.23005740763	3.40718	-0.5	0.934575	0.5258403989801871	0.6691406142005414
5B83_A_S248W	1.195028681	0.01	0.1759	-1.1055	-0.049432836	-0.1	0.169664212	-0.068422	-0.1	-0.20484	-0.635139773	-0.08253864661382308
1WQ5_A_C118A	1.36	1.2	0.2317	2.6883000000000004	0.34240103	0.3	2.14895347499	-0.837399	1.4	0.0958433	1.4964357681176716	0.12088206417634058
1UCD_A_F190A	3.23	2.16	0.3602	2.0706	1.0419972	0.8	2.851760907	6.60291	2.6	5.13016	4.256193913	0.5614291187595656
1LZ1_A_V74F	0.29	0.17	0.3902	-0.0537	0.13481972	-0.1	1.29930241297	-0.475903	-0.3	-1.36325	-0.1442183355489124	0.16939380158141365
1Y9X_A_K40N	3.1	0.44	0.8966	0.4006	0.14137216	0.2	0.451825582	-0.050262	0.6	0.372105	1.080299088	0.6685140116881455
3MBP_A_L192A	3.1	1.92	2.1806	2.5693	2.1222107	2.7	1.162279277	4.28555	2.6	4.23564	3.534217934	2.1196307802740777
1PGB_A_T25M	-0.2	0.37	0.1904	-0.1169	0.20123695	-0.0	-0.672785632	-0.363614	-1.1	-0.457584	-0.077267906	-0.04598353651008334
2LZM_A_I3L	-0.77	-0.18	0.5088	-0.1149999999999999	-0.14486033	-0.1	1.68863218337	1.02031	-0.1	0.510441	0.2817508495142806	0.20159030214386942
1PGB_A_T53Q	0.35	0.89	1.2043	-0.2382	0.8573712	1.4	1.195535319	2.8688	0.1	-0.327924	0.22492092	1.0370749734878257
2LZM_A_T109N	0.1	0.36	0.2092	0.1253	0.2429127	0.1	-0.428067778	0.280745	-0.5	0.1592	0.077208443	0.03503780192523735
1LZ1_A_V74R	0.07	0.2	0.1592	0.0256	-0.18661186	-0.1	1.67063167335	1.47613	-0.3	-1.11288	-0.141092729257824	-0.04730823929244446
6ULQ_B_R100L	5.22	0.14	-0.2115	-0.4941	-0.26704952	-0.8	0.698441008	-3.9397	-1.0	-0.934788	0.454925091	-0.3210728404252372
1GUA_B_V69A	1.116156788	0.45	0.7087	0.5727	1.020726	0.9	1.122810518	1.58752	0.5	0.807032	1.622098917	0.5424438398698485
1PGB_A_G41I	-0.58	0.63	1.7403	-1.2209	-1.5939021	0.2	-0.255691058	-1.58543	-2.0	22.1882	5.612792103	1.740910549608278
1AM7_A_H48N	5.0	1.22	1.1556	0.6711	0.6417871	1.8	1.97275040027	3.08394	1.1	1.5621	1.968118761224608	0.9865674640083302
1QLP_A_S381A	-1.0	-0.52	-0.7816	-0.0407999999999999	-0.17095211	-0.7	-0.907981033386	-3.3209	-0.5	-1.91092	-0.6484750980714049	-0.7984865756705982
1QLP_A_A284I	0.0	-0.77	1.5055	-1.0252	-1.8369772	-2.2	-1.10898950525	-1.52315	-2.5	0.619814	0.5070243171893357	0.7301367183069853
2FEJ_A_R273C	-0.4	1.02	-0.3182	0.0776	0.82675195	0.5	-0.060037022	-2.79818	-0.4	0.365939	1.152817326	-0.3229866199782499
1HZ6_A_K28G	-0.1	0.81	0.4844	1.2055	0.734344	0.5	0.816693137	0.174579	0.6	1.17589	1.01322573	0.29498321362105506
2FEJ_A_D148E	0.43	-0.04	0.0037	-0.0049	-0.113742694	-0.0	0.218903069	1.56263	0.1	0.0660067	-0.246532814	-0.10929419256672138
1PGB_A_A34Y	2.0	0.73	1.5934	-1.231	0.21419972	-0.0	0.433257292	-1.49913	-2.5	9.90949	3.0249525	1.4900860075726974
1FVK_A_C30S	1.79	1.74	0.9906	-0.052	2.993097	3.7	1.74469190228	7.36988	1.8	2.60737	0.6177221956211337	0.8307605029288956
1TEN_A_I830A	1.63	2.22	0.6028	1.7259000000000004	1.6880765	2.4	2.06816731652	-0.073262	2.4	2.16729	3.091244573063875	0.6639934978259985
1PGB_A_N37H	-0.7	0.68	-0.3038	0.1983	0.4281926	0.2	0.351448761	-0.034536	-0.3	0.00301056	0.48103003	-0.27541096487499084
1EQ7_A_S2A	0.8	0.01	-0.0326	0.1186	0.17380376	-0.0	-0.089245718	0.256778	0.4	-0.00236816	0.403319469	-0.12109900359959129
1PGB_A_T53P	4.0	0.85	2.1105	-0.1932	1.1888537	1.6	0.837497342	1.97082	-0.1	2.58965	3.737362378	1.9974142151414285
2MWG_A_V25I	-0.4	0.0	-0.1463	-0.2073	-0.15728179	-0.1	-0.203600443	-0.403422	-0.5	-0.641492	-0.08575402	-0.2055456056118125
2PTL_A_K21A	0.903333333	0.55	0.633	0.5738	0.27709454	-0.0	0.268432393	-1.87992	0.3	-0.409583	0.206141376	0.38829074182298823
2LZM_A_A41V	-0.37	-0.26	0.1244	-0.6329999999999999	-0.1601618	-0.2	2.08184698611	0.637083	-0.9	0.0496959	-0.0751567714773215	0.06481329778770524
1PGB_A_K10F	-0.22	0.05	0.3012	-0.1522	0.40726393	-0.2	0.194611627	1.03871	1.1	0.639225	-0.234480771	0.08440855798207708
3F6R_A_A19G	2.676864245	1.77	1.9367	1.7799	1.5858572	2.2	3.39009054	2.34284	0.8	1.77389	2.378721455	1.951059840019805
2CI2_I_S31G	0.49	0.86	0.5899	0.2178	0.4640566	1.1	1.91773397342	0.614325	0.3	0.545663	1.1773357458628442	0.48595759282853423
2CHE_A_F14A	-0.8	0.57	0.1741	0.4311	-0.1031492	0.3	0.199136572	-0.04375	-0.0	0.293641	1.537726579	-0.02466770176789984
2PTL_A_G29V	2.64	0.47	1.3883	-0.1664	0.8792715	0.3	0.671591058	-1.22268	0.2	4.94544	2.899891651	1.0032802766605422
1WQ5_A_E49S	0.01	-0.3	0.4302	0.2928	0.29657257	0.4	0.0310390897638	-5.01358	-0.5	1.21967	1.0137300893563246	0.10730093847380391
1DIV_A_A42G	0.33	0.14	0.5541	-0.2569	0.27974558	0.3	0.711587049	0.227938	0.2	-0.400021	0.707047019	0.3446899993612745
1AKY_A_Q48E	0.96	0.37	-0.0946	-0.08	-0.09431738	0.1	2.00441481346	1.12762	-0.3	-0.901204	-0.2837350946433908	-0.17328487378497232
5PTI_A_T32M	6.3	0.46	-0.3119	-0.1878	-0.32722223	-0.4	-0.470573023	-0.952273	-0.4	-1.22457	0.064182263	-0.35446060059068546
